fixed acidity	volatile acidity	citric acid	residual sugar
7	0.27	0.36	20.7
6.3	0.3	0.34	1.6
8.1	0.28	0.4	6.9
7.2	0.23	0.32	8.5
7.2	0.23	0.32	8.5
8.1	0.28	0.4	6.9
6.2	0.32	0.16	7
7	0.27	0.36	20.7
6.3	0.3	0.34	1.6
8.1	0.22	0.43	1.5
8.1	0.27	0.41	1.45
8.6	0.23	0.4	4.2
7.9	0.18	0.37	1.2
6.6	0.16	0.4	1.5
8.3	0.42	0.62	19.25
6.6	0.17	0.38	1.5
6.3	0.48	0.04	1.1
6.2	0.66	0.48	1.2
7.4	0.34	0.42	1.1
6.5	0.31	0.14	7.5
6.2	0.66	0.48	1.2
6.4	0.31	0.38	2.9
6.8	0.26	0.42	1.7
7.6	0.67	0.14	1.5
6.6	0.27	0.41	1.3
7	0.25	0.32	9
6.9	0.24	0.35	1
7	0.28	0.39	8.7
7.4	0.27	0.48	1.1
7.2	0.32	0.36	2
8.5	0.24	0.39	10.4
8.3	0.14	0.34	1.1
7.4	0.25	0.36	2.05
6.2	0.12	0.34	1.5
5.8	0.27	0.2	14.95
7.3	0.28	0.43	1.7
6.5	0.39	0.23	5.4
7	0.33	0.32	1.2
7.3	0.24	0.39	17.95
7.3	0.24	0.39	17.95
6.7	0.23	0.39	2.5
6.7	0.24	0.39	2.9
7	0.31	0.26	7.4
6.6	0.24	0.27	1.4
6.7	0.23	0.26	1.4
7.4	0.18	0.31	1.4
6.2	0.45	0.26	4.4
6.2	0.46	0.25	4.4
7	0.31	0.26	7.4
6.9	0.19	0.35	5
7.2	0.19	0.31	1.6
6.6	0.25	0.29	1.1
6.2	0.16	0.33	1.1
6.4	0.18	0.35	1
6.8	0.2	0.59	0.9
6.9	0.25	0.35	1.3
7.2	0.21	0.34	11.9
6	0.19	0.26	12.4
6.6	0.38	0.15	4.6
7.4	0.2	0.36	1.2
6.8	0.22	0.24	4.9
6	0.19	0.26	12.4
7	0.47	0.07	1.1
6.6	0.38	0.15	4.6
7.2	0.24	0.27	1.4
6.2	0.35	0.03	1.2
6.4	0.26	0.24	6.4
6.7	0.25	0.13	1.2
6.7	0.23	0.31	2.1
7.4	0.24	0.29	10.1
6.2	0.27	0.43	7.8
6.8	0.3	0.23	4.6
6	0.27	0.28	4.8
8.6	0.23	0.46	1
6.7	0.23	0.31	2.1
7.4	0.24	0.29	10.1
7.1	0.18	0.36	1.4
7	0.32	0.34	1.3
7.4	0.18	0.3	8.8
6.7	0.54	0.28	5.4
6.8	0.22	0.31	1.4
7.1	0.2	0.34	16
7.1	0.34	0.2	6.1
7.3	0.22	0.3	8.2
7.1	0.43	0.61	11.8
7.1	0.44	0.62	11.8
7.2	0.39	0.63	11
6.8	0.25	0.31	13.3
7.1	0.43	0.61	11.8
7.1	0.44	0.62	11.8
7.2	0.39	0.63	11
6.1	0.27	0.43	7.5
6.9	0.24	0.33	1.7
6.9	0.21	0.33	1.8
7.5	0.17	0.32	1.7
7.1	0.26	0.29	12.4
6	0.34	0.66	15.9
8.6	0.265	0.36	1.2
9.8	0.36	0.46	10.5
6	0.34	0.66	15.9
7.4	0.25	0.37	13.5
7.1	0.12	0.32	9.6
6	0.21	0.24	12.1
7.5	0.305	0.4	18.9
7.4	0.25	0.37	13.5
7.3	0.13	0.32	14.4
7.1	0.12	0.32	9.6
7.1	0.23	0.35	16.5
7.1	0.23	0.35	16.5
6.9	0.33	0.28	1.3
6.5	0.17	0.54	8.5
7.2	0.27	0.46	18.75
7.2	0.31	0.5	13.3
6.7	0.41	0.34	9.2
6.7	0.41	0.34	9.2
5.5	0.485	0	1.5
6	0.31	0.24	3.3
7	0.14	0.4	1.7
7.2	0.31	0.5	13.3
7.3	0.32	0.48	13.3
5.9	0.36	0.04	5.7
7.8	0.24	0.32	12.2
7.4	0.16	0.31	6.85
6.9	0.19	0.28	5
6.4	0.13	0.47	1.6
6.7	0.19	0.36	1.1
7.4	0.39	0.23	7
6.5	0.24	0.32	7.6
6.1	0.3	0.56	2.8
6.1	0.3	0.56	2.7
5.7	0.26	0.25	10.4
6.5	0.24	0.32	7.6
6.5	0.425	0.4	13.1
6.6	0.24	0.27	15.8
6.8	0.27	0.22	8.1
6.7	0.27	0.31	15.7
8.2	0.23	0.4	1.2
7.1	0.37	0.67	10.5
6.8	0.19	0.36	1.9
8.1	0.28	0.39	1.9
6.3	0.31	0.34	2.2
7.1	0.37	0.67	10.5
7.9	0.21	0.4	1.2
8.5	0.21	0.41	4.3
8.1	0.2	0.4	2
6.3	0.255	0.37	1.1
5.6	0.16	0.27	1.4
6.4	0.595	0.14	5.2
6.3	0.34	0.33	4.6
6.9	0.25	0.3	4.1
7.9	0.22	0.38	8
7.6	0.18	0.46	10.2
6.9	0.25	0.3	4.1
7.2	0.18	0.41	1.2
8.2	0.23	0.4	7.5
7.4	0.24	0.42	14
7.4	0.24	0.42	14
6.1	0.32	0.24	1.5
5.2	0.44	0.04	1.4
5.2	0.44	0.04	1.4
6.1	0.32	0.24	1.5
6.4	0.22	0.56	14.5
6.3	0.36	0.3	4.8
7.4	0.24	0.42	14
6.7	0.24	0.35	13.1
7	0.23	0.36	13
8.4	0.27	0.46	8.7
6.7	0.46	0.18	2.4
7.5	0.29	0.31	8.95
9.8	0.42	0.48	9.85
7.1	0.3	0.46	1.5
7.9	0.19	0.45	1.5
7.6	0.48	0.37	0.8
6.3	0.22	0.43	4.55
7.5	0.27	0.31	17.7
6.9	0.23	0.4	7.5
7.2	0.32	0.47	5.1
5.9	0.23	0.3	12.9
6	0.67	0.07	1.2
6.4	0.25	0.32	5.5
6.4	0.33	0.31	5.5
7.1	0.34	0.15	1.2
6.8	0.28	0.4	22
6.9	0.27	0.4	14
6.8	0.26	0.56	11.9
6.8	0.29	0.56	11.9
6.7	0.24	0.41	9.4
5.9	0.3	0.23	4.2
6.8	0.53	0.35	3.8
6.5	0.28	0.28	8.5
6.6	0.28	0.28	8.5
6.8	0.28	0.4	22
6.8	0.28	0.36	8
6.6	0.15	0.34	5.1
6.4	0.29	0.44	3.6
6.4	0.3	0.45	3.5
6.4	0.29	0.44	3.6
6.8	0.26	0.24	7.8
7.1	0.32	0.24	13.1
6.8	0.26	0.24	7.8
6.8	0.27	0.26	16.1
7.1	0.32	0.24	13.1
6.9	0.54	0.32	13.2
6.8	0.26	0.34	13.9
5.8	0.28	0.35	2.3
6.4	0.21	0.5	11.6
7	0.16	0.32	8.3
10.2	0.44	0.88	6.2
6.8	0.57	0.29	2.2
6.1	0.4	0.31	0.9
5.6	0.245	0.25	9.7
6.8	0.18	0.38	1.4
7	0.16	0.32	8.3
6.7	0.13	0.29	5.3
6.2	0.25	0.25	1.4
5.8	0.26	0.24	9.2
7.5	0.27	0.36	7
5.8	0.26	0.24	9.2
5.7	0.28	0.24	17.5
7.5	0.23	0.36	7
7.5	0.27	0.36	7
7.2	0.685	0.21	9.5
6.2	0.25	0.25	1.4
6.5	0.19	0.3	0.8
6.3	0.495	0.22	1.8
7.1	0.24	0.41	17.8
6.4	0.17	0.32	2.4
7.1	0.25	0.32	10.3
6.4	0.17	0.32	2.4
7.1	0.24	0.41	17.8
6.8	0.64	0.08	9.7
8.3	0.28	0.4	7.8
8.2	0.27	0.39	7.8
7.2	0.23	0.38	14.3
7.2	0.23	0.38	14.3
7.2	0.23	0.38	14.3
7.2	0.23	0.38	14.3
6.8	0.52	0.32	13.2
7	0.26	0.59	1.4
6.2	0.25	0.21	15.55
7.3	0.32	0.23	13.7
7.7	0.31	0.26	7.8
7.1	0.21	0.37	2.4
6.8	0.24	0.34	2.7
6.9	0.4	0.56	11.2
6.1	0.18	0.36	2
6.8	0.21	0.27	2.1
5.8	0.2	0.27	1.4
5.6	0.19	0.26	1.4
6.1	0.41	0.14	10.4
5.9	0.21	0.28	4.6
8.5	0.26	0.21	16.2
6.9	0.4	0.56	11.2
5.8	0.24	0.44	3.5
5.8	0.24	0.39	1.5
6.7	0.26	0.39	1.1
6.3	0.35	0.3	5.7
6.3	0.35	0.3	5.7
6.4	0.23	0.39	1.8
5.8	0.36	0.38	0.9
6.9	0.115	0.35	5.4
6.9	0.29	0.4	19.45
6.9	0.28	0.4	8.2
7.2	0.29	0.4	13.6
6.2	0.24	0.35	1.2
6.9	0.29	0.4	19.45
6.9	0.32	0.26	8.3
5.3	0.58	0.07	6.9
5.3	0.585	0.07	7.1
5.4	0.59	0.07	7
6.9	0.32	0.26	8.3
5.2	0.6	0.07	7
5.8	0.25	0.26	13.1
6.6	0.58	0.3	5.1
7	0.29	0.54	10.7
6.6	0.19	0.41	8.9
6.7	0.2	0.41	9.1
7.7	0.26	0.4	1.1
6.8	0.32	0.34	1.2
7	0.3	0.49	4.7
7	0.24	0.36	2.8
6.1	0.31	0.58	5
6.8	0.44	0.37	5.1
6.7	0.34	0.3	15.6
7.1	0.35	0.24	15.4
7.3	0.32	0.25	7.2
6.5	0.28	0.33	15.7
7.2	0.23	0.39	14.2
7.2	0.23	0.39	14.2
7.2	0.23	0.39	14.2
7.2	0.23	0.39	14.2
5.9	0.15	0.31	5.8
7.4	0.28	0.42	19.8
6.2	0.28	0.22	7.3
9.1	0.59	0.38	1.6
6.3	0.33	0.27	1.2
8.3	0.39	0.7	10.6
7.2	0.19	0.46	3.8
7.5	0.17	0.44	11.3
6.7	0.17	0.5	2.1
6.1	0.41	0	1.6
8.3	0.2	0.35	0.9
6.1	0.41	0	1.6
6	0.29	0.21	1.3
7.3	0.41	0.24	6.8
7.3	0.41	0.24	6.8
7.2	0.43	0.24	6.7
7.3	0.4	0.24	6.7
6.2	0.33	0.27	4.9
6.2	0.31	0.26	4.8
6.1	0.36	0.27	2.1
5	0.55	0.14	8.3
7.8	0.25	0.41	3.7
5.7	0.36	0.21	6.7
5.8	0.34	0.21	6.6
6.8	0.28	0.6	1.1
6.8	0.25	0.34	4.7
6.6	0.24	0.35	7.7
5.9	0.3	0.47	7.85
6.1	0.125	0.25	3.3
6	0.1	0.24	1.1
6.6	0.24	0.35	7.7
6.8	0.25	0.34	4.7
6.8	0.28	0.44	9.3
8.3	0.41	0.51	2
7.5	0.27	0.31	5.8
7.9	0.26	0.41	15.15
6.4	0.34	0.23	6.3
6.5	0.28	0.35	15.4
7.2	0.21	0.41	1.3
6.4	0.32	0.35	4.8
6.8	0.24	0.34	4.6
6.3	0.23	0.3	1.8
6.5	0.28	0.34	9.9
5.6	0.26	0.26	5.7
6.3	0.23	0.3	1.8
6.3	0.23	0.33	1.5
5.8	0.27	0.27	12.3
5.9	0.26	0.4	1.3
6.6	0.18	0.35	1.5
7.4	0.2	0.43	7.8
8	0.24	0.36	1.5
6.4	0.26	0.42	9.7
5.4	0.31	0.47	3
5.4	0.29	0.47	3
7.1	0.145	0.33	4.6
5.6	0.34	0.1	1.3
6.7	0.19	0.41	15.6
7.8	0.18	0.46	13.6
7.6	0.17	0.45	11.2
6.3	0.12	0.36	2.1
7.3	0.33	0.4	6.85
5.5	0.335	0.3	2.5
7.3	0.33	0.4	6.85
5.8	0.4	0.42	4.4
7.3	0.22	0.37	14.3
7.3	0.22	0.37	14.3
6.1	0.36	0.33	1.1
10	0.2	0.39	1.4
6.9	0.24	0.34	4.7
6.4	0.24	0.32	14.9
7.1	0.365	0.14	1.2
6.8	0.15	0.3	5.3
7.3	0.22	0.37	14.3
6.8	0.16	0.4	2.3
6	0.26	0.32	3.5
6	0.18	0.27	1.5
6.9	0.33	0.21	1
7.7	0.29	0.48	2.3
7.1	0.39	0.35	12.5
6.9	0.33	0.21	1
7.7	0.29	0.48	2.3
6.6	0.905	0.19	0.8
7.2	0.27	0.27	2.4
5.1	0.33	0.22	1.6
5.1	0.33	0.22	1.6
6.4	0.31	0.28	1.5
7.3	0.2	0.44	1.4
5.7	0.32	0.5	2.6
6.4	0.31	0.28	1.5
7.3	0.2	0.44	1.4
7.2	0.28	0.26	12.5
7.5	0.35	0.28	9.6
7.2	0.27	0.27	2.4
6	0.36	0.39	3.2
5.1	0.33	0.22	1.6
5	0.17	0.56	1.5
6.3	0.39	0.35	5.9
6.7	0.21	0.32	5.4
7	0.3	0.38	14.9
7	0.3	0.38	14.9
6.5	0.36	0.32	1.1
6.1	0.55	0.15	9.8
7.3	0.24	0.43	2
6.8	0.37	0.51	11.8
6.8	0.27	0.12	1.3
8.2	0.28	0.42	1.8
6.3	0.2	0.4	1.5
5.9	0.26	0.27	18.2
6.4	0.19	0.42	2.9
6.3	0.2	0.4	1.5
6.8	0.37	0.51	11.8
6.1	0.35	0.07	1.4
7.1	0.27	0.31	18.2
6.8	0.22	0.31	6.3
6.8	0.27	0.12	1.3
5.8	0.28	0.34	4
6.9	0.49	0.24	1.2
6.3	0.14	0.39	1.2
8.2	0.28	0.42	1.8
7.2	0.25	0.39	18.95
7.3	0.28	0.36	12.7
7.2	0.19	0.39	1.2
7.2	0.19	0.39	1.2
7.2	0.25	0.39	18.95
7.3	0.28	0.36	12.7
7.4	0.21	0.27	1.2
6.8	0.26	0.22	7.7
7.4	0.21	0.27	1.2
7.4	0.31	0.28	1.6
7	0.22	0.31	2.7
7	0.21	0.28	8.7
7	0.21	0.28	8.6
7	0.21	0.28	8.6
6.9	0.23	0.38	8.3
7	0.21	0.28	8.7
7	0.21	0.28	8.6
6.8	0.29	0.5	13.3
7.8	0.21	0.27	1.2
7.1	0.31	0.47	13.6
6.8	0.29	0.5	13.3
6.4	0.34	0.1	1.1
7.4	0.155	0.34	2.3
7.2	0.55	0.09	1.5
7	0.23	0.36	7.1
6.9	0.2	0.37	6.2
6.1	0.28	0.32	2.5
6.6	0.16	0.32	1.4
7.4	0.155	0.34	2.3
6.2	0.35	0.04	1.2
6.7	0.22	0.37	1.6
6.1	0.38	0.2	6.6
6	0.25	0.28	2.2
6.6	0.52	0.44	12.2
6.9	0.24	0.36	20.8
7.1	0.32	0.32	11
5.8	0.28	0.27	2.6
6.5	0.41	0.24	14
6.5	0.41	0.24	14
6.4	0.28	0.29	1.6
7.2	0.6	0.2	9.9
6.1	0.2	0.25	1.2
5.9	0.46	0.14	2.7
6	0.27	0.27	1.6
6.4	0.28	0.29	1.6
6.4	0.41	0.24	14
6.3	0.23	0.31	1.5
7.1	0.21	0.27	8.6
6	0.37	0.32	1
6.1	0.43	0.35	9.1
7.1	0.21	0.27	8.6
7	0.25	0.29	15.2
5.9	0.25	0.19	12.4
6.8	0.32	0.21	2.2
7.2	0.39	0.62	11
6.3	0.21	0.58	10
7	0.14	0.32	9
6.8	0.32	0.21	2.2
7.2	0.39	0.62	11
7.2	0.29	0.53	18.15
8.6	0.37	0.7	12.15
6.5	0.38	0.34	3.4
6.6	0.24	0.29	2
7	0.17	0.31	4.8
5.5	0.16	0.22	4.5
7	0.24	0.51	11
7.4	0.28	0.36	1.1
7	0.22	0.28	1.5
7.1	0.55	0.13	1.7
6.3	0.22	0.33	1.7
6.7	0.47	0.34	8.9
5.9	0.36	0.41	1.3
5.8	0.25	0.24	13.3
6.7	0.47	0.34	8.9
6.2	0.37	0.3	6.6
6.2	0.18	0.38	1.5
6	0.16	0.37	1.5
6.6	0.34	0.28	1.3
7.4	0.29	0.29	1.6
7.4	0.26	0.31	7.6
7	0.28	0.36	1
7.1	0.23	0.39	1.6
7.8	0.19	0.26	8.9
6.3	0.19	0.28	1.8
6.8	0.2	0.38	4.7
5.7	0.44	0.13	7
7.2	0.4	0.62	10.8
6.8	0.23	0.32	1.6
5.7	0.335	0.34	1
7.2	0.4	0.62	10.8
7.2	0.28	0.54	16.7
6.8	0.19	0.58	14.2
6.4	0.3	0.3	2.25
6.5	0.3	0.29	2.25
7.8	0.18	0.31	12.2
7.8	0.18	0.31	12.2
7.3	0.51	0.26	3.3
6	0.24	0.27	1.9
5.9	0.62	0.28	3.5
6	0.24	0.27	1.9
6.7	0.27	0.12	1.3
7.8	0.34	0.35	1.8
7.3	0.26	0.36	5.2
7.4	0.36	0.33	1.4
7.8	0.28	0.32	9
6.1	0.31	0.26	2.2
6.8	0.18	0.37	1.6
7.4	0.15	0.42	1.7
5.9	0.13	0.28	1.9
7.2	0.34	0.34	12.6
7.9	0.19	0.26	2.1
7.9	0.19	0.26	2.1
6.9	0.25	0.4	1.3
5.8	0.36	0.32	1.7
5.6	0.35	0.37	1
5.9	0.32	0.39	3.3
7.2	0.31	0.46	5
6.1	0.28	0.22	1.8
5.2	0.36	0.02	1.6
5.6	0.19	0.47	4.5
6.4	0.1	0.35	4.9
6.4	0.18	0.48	4
7.4	0.25	0.36	13.2
7.4	0.25	0.36	13.2
7.4	0.25	0.36	13.2
7.9	0.345	0.51	15.3
7.9	0.345	0.51	15.3
7.4	0.25	0.36	13.2
6.1	0.24	0.3	1.5
6.8	0.25	0.24	4.55
6.7	0.31	0.31	9.9
7.2	0.46	0.65	10.4
5.5	0.35	0.35	1.1
6.7	0.24	0.41	8.7
6.8	0.28	0.17	13.9
6.4	0.16	0.22	1.4
6.3	0.26	0.24	7.2
7.7	0.22	0.42	1.9
6.5	0.18	0.31	1.7
7.2	0.46	0.65	10.4
7	0.3	0.51	13.6
9.2	0.25	0.34	1.2
7.8	0.28	0.34	1.6
7	0.3	0.51	13.6
7.8	0.28	0.34	1.6
9.2	0.25	0.34	1.2
8.4	0.35	0.71	12.2
6.1	0.41	0.24	1.6
5.9	0.21	0.24	12.1
7.2	0.34	0.44	4.2
6.7	0.21	0.42	9.1
5.9	0.37	0.1	1.6
7.7	0.34	0.27	8.8
7.4	0.3	0.22	1.4
6.8	0.51	0.3	4.2
7.8	0.22	0.38	10.3
7.2	0.35	0.34	12.4
6	0.26	0.5	2.2
6.1	0.26	0.51	2.2
6.5	0.28	0.27	5.2
7.4	0.41	0.66	10.8
6.5	0.28	0.29	2.7
6.7	0.34	0.54	16.3
7.2	0.2	0.34	2.7
7.4	0.2	0.33	1.9
8.2	0.22	0.3	1.8
8.2	0.23	0.29	1.8
7.1	0.22	0.33	2.8
6.5	0.28	0.29	2.7
6	0.38	0.26	6
7.4	0.41	0.66	10.8
5.7	0.18	0.22	4.2
7.3	0.3	0.22	6.4
7.4	0.24	0.22	10.7
6.6	0.25	0.3	1.6
7.4	0.24	0.22	10.7
7.4	0.26	0.3	7.9
6.1	0.32	0.25	1.7
6.9	0.28	0.27	2.1
7	0.23	0.33	5.8
7.1	0.31	0.5	14.5
7.3	0.2	0.37	1.2
6.9	0.41	0.33	10.1
6.4	0.45	0.07	1.1
6.4	0.475	0.06	1
6.3	0.27	0.38	0.9
6.9	0.41	0.33	10.1
7	0.29	0.37	4.9
5.9	0.27	0.29	11.4
6.9	0.19	0.4	1.4
6.7	0.3	0.35	1.4
7.2	0.24	0.4	1.4
6.4	0.45	0.07	1.1
6.4	0.475	0.06	1
6.3	0.26	0.49	1.5
6.3	0.26	0.49	1.5
7.3	0.25	0.29	7.5
7.3	0.25	0.29	7.5
6.1	0.28	0.25	17.75
7.4	0.37	0.35	5.7
6.5	0.36	0.28	3.2
7.4	0.24	0.4	4.3
7.5	0.23	0.68	11
7.5	0.21	0.68	10.9
7.5	0.21	0.68	10.9
7.5	0.23	0.68	11
7.8	0.32	0.33	2.4
7.8	0.26	0.27	1.9
7.7	0.24	0.27	1.8
7.4	0.19	0.3	1.4
6.5	0.46	0.41	16.8
6.5	0.26	0.43	8.9
5.3	0.32	0.12	6.6
7.2	0.24	0.34	1.1
6	0.36	0.06	1.4
6.2	0.24	0.29	13.3
7.6	0.56	0.12	10.4
7	0.32	0.24	6.2
7	0.32	0.24	6.2
5.8	0.31	0.33	1.2
7	0.23	0.42	18.05
7	0.23	0.42	18.05
6.9	0.24	0.33	4.8
6	0.29	0.2	12.6
6.1	0.17	0.28	4.5
5.9	0.14	0.25	4.5
6.2	0.17	0.28	4.7
7.4	0.28	0.25	11.9
5.6	0.35	0.14	5
5.8	0.335	0.14	5.8
5.6	0.235	0.29	1.2
6.1	0.28	0.25	12.9
6.3	0.21	0.33	13.9
6.4	0.24	0.28	11.5
6.4	0.24	0.29	11.4
6.3	0.26	0.25	7.8
6.5	0.33	0.72	1.1
7.4	0.105	0.34	12.2
6	0.32	0.12	5.9
7.1	0.26	0.34	14.4
7.1	0.26	0.34	14.4
7.1	0.26	0.34	14.4
7.1	0.26	0.34	14.4
5.9	0.24	0.26	12.3
6.5	0.21	0.37	2.5
7.7	0.27	0.35	5.3
9	0.27	0.35	4.9
7.3	0.34	0.21	3.2
6.6	0.27	0.25	3.1
6.8	0.29	0.16	1.4
7.1	0.28	0.26	1.9
6.8	0.25	0.34	14
7	0.57	0.1	8.3
7.1	0.28	0.26	1.9
7.1	0.17	0.38	7.4
7.8	0.28	0.22	1.4
6.8	0.22	0.37	1.7
7.1	0.17	0.38	7.4
6.1	0.14	0.25	1.3
6.4	0.24	0.5	11.6
7.8	0.42	0.26	9.2
6.6	0.28	0.36	1.7
7.1	0.32	0.34	14.5
6.7	0.31	0.3	2.1
6.4	0.32	0.5	10.7
6.1	0.28	0.25	6.9
5.9	0.29	0.25	12
5.8	0.32	0.38	4.75
5.8	0.32	0.38	4.75
5.7	0.32	0.38	4.75
6.7	0.28	0.14	1.4
6.8	0.34	0.69	1.3
5.9	0.25	0.25	11.3
6.4	0.27	0.32	4.5
8.1	0.46	0.31	1.7
6.2	0.36	0.26	13.2
6.8	0.22	0.35	5.5
6.8	0.67	0.3	13
7.2	0.28	0.3	10.7
6.7	0.17	0.37	2
6.9	0.2	0.34	1.9
6.1	0.36	0.16	6.4
6	0.36	0.16	6.3
5.9	0.37	0.14	6.3
7.6	0.29	0.58	17.5
6.3	0.34	0.28	14.7
6.7	0.19	0.34	1
7.5	0.31	0.51	14.8
7.5	0.31	0.51	14.8
7.4	0.31	0.48	14.2
8.4	0.4	0.7	13.1
5.9	0.34	0.22	2.4
6.6	0.38	0.18	1.2
6.4	0.33	0.28	1.1
5.6	0.25	0.26	3.6
8.6	0.27	0.46	6.1
6.2	0.31	0.21	6.3
7.2	0.18	0.45	4.4
7.7	0.2	0.44	13.9
6.2	0.47	0.21	1
6.1	0.25	0.24	12.1
8.2	0.27	0.43	1.6
8.2	0.27	0.43	1.6
6.4	0.31	0.39	7.5
6	0.39	0.26	2.7
6.2	0.21	0.27	1.7
7.7	0.42	0.31	9.2
7	0.27	0.41	18.75
6.2	0.21	0.27	1.7
7.4	0.29	0.5	1.8
6.6	0.29	0.44	9
6	0.3	0.44	1.5
6.9	0.31	0.34	1.6
6.6	0.33	0.31	1.3
7.8	0.3	0.4	1.8
6.4	0.39	0.21	1.2
6.4	0.24	0.31	2.8
7	0.21	0.34	8
6.4	0.16	0.31	5.3
6	0.33	0.27	0.8
6.5	0.23	0.33	13.8
6.2	0.25	0.48	10
8.8	0.28	0.45	6
6.6	0.25	0.3	14.4
6.9	0.38	0.25	9.8
6.4	0.25	0.3	5.5
6.6	0.25	0.3	14.4
6.9	0.38	0.25	9.8
7.1	0.21	0.31	3.8
6.4	0.25	0.3	5.5
6.9	0.39	0.4	4.6
5.8	0.2	0.3	1.5
7	0.2	0.37	2
5.9	0.26	0.25	12.5
7.4	0.38	0.27	7.5
7.4	0.2	1.66	2.1
7	0.21	0.34	8.5
7.2	0.29	0.4	7.6
6.9	0.18	0.38	8.1
7.3	0.3	0.42	7.35
7.2	0.29	0.4	7.6
6.9	0.2	0.5	10
6.7	0.2	0.42	14
7	0.21	0.34	8.5
5.9	0.35	0.47	2.2
7.1	0.28	0.44	1.8
5.8	0.25	0.28	11.1
6.8	0.22	0.37	15.2
7.1	0.14	0.4	1.2
7.1	0.13	0.4	1.2
6.9	0.18	0.38	8.1
7	0.2	0.38	8.1
6.8	0.24	0.49	19.3
5	0.44	0.04	18.6
6.3	0.3	0.28	5
7.2	0.27	0.42	1.6
6.7	0.5	0.63	13.4
6.8	0.2	0.36	1.6
6.7	0.11	0.34	8.8
6.7	0.11	0.34	8.8
6.8	0.12	0.31	5.2
6.6	0.16	0.57	1.1
6.6	0.21	0.6	1.1
6.1	0.27	0.3	16.7
9.1	0.27	0.45	10.6
6.4	0.225	0.48	2.2
8.3	0.14	0.45	1.5
7.2	0.23	0.19	13.7
6.9	0.22	0.37	15
8.1	0.17	0.44	14.1
6	0.395	0	1.4
7.8	0.29	0.22	9.5
6.9	0.22	0.37	15
8.1	0.17	0.44	14.1
7.2	0.23	0.19	13.7
7.6	0.3	0.27	10.6
7.7	0.34	0.28	11
7.7	0.34	0.28	11
5.8	0.34	0.16	7
7.6	0.3	0.27	10.6
7.7	0.34	0.28	11
5.9	0.24	0.3	2
6.4	0.46	0.08	4.9
5.9	0.24	0.3	2
7.4	0.32	0.27	1.4
7.2	0.31	0.26	7.3
7.8	0.42	0.23	8.8
6.9	0.24	0.33	12.5
5.4	0.18	0.24	4.8
6	0.18	0.31	1.4
7.8	0.27	0.58	11.2
6	0.28	0.49	6.8
6.8	0.39	0.35	11.6
6.6	0.21	0.31	11.4
7.3	0.32	0.34	6.6
7.8	0.27	0.58	11.2
6.4	0.31	0.26	13.2
6.2	0.29	0.26	13.1
6	0.39	0.17	12
6.2	0.3	0.26	13.4
6	0.28	0.49	6.8
6	0.41	0.05	1.5
6.4	0.35	0.28	1.1
6.5	0.26	0.32	16.5
7.9	0.35	0.24	15.6
6.2	0.3	0.17	2.8
8.4	0.18	0.42	5.1
6.6	0.56	0.22	8.9
6.2	0.3	0.17	2.8
6.6	0.56	0.22	8.9
6.6	0.36	0.29	1.6
7.3	0.655	0.2	10.2
6.8	0.18	0.21	5.4
6.7	0.19	0.23	6.2
8.4	0.18	0.42	5.1
7	0.21	0.37	7.2
6.8	0.25	0.38	8.1
7.4	0.24	0.36	2
7.1	0.16	0.36	10.7
7.1	0.16	0.36	1.2
7.3	0.205	0.31	1.7
7.4	0.17	0.4	5.5
7.3	0.3	0.34	2.7
6.9	0.25	0.34	1.3
7.3	0.205	0.31	1.7
7.5	0.42	0.34	4.3
7.3	0.25	0.36	2.1
7.3	0.25	0.36	2.1
7.3	0.25	0.36	2.1
7.5	0.34	0.35	6
7.6	0.33	0.35	6.3
8.7	0.23	0.32	13.4
8.7	0.23	0.32	13.4
6.9	0.19	0.35	1.7
7.3	0.21	0.29	1.6
7.3	0.21	0.29	1.6
6.6	0.22	0.37	15.4
9.2	0.34	0.27	1.2
8.7	0.23	0.32	13.4
6	0.2	0.24	1.8
6.9	0.19	0.35	1.7
8.2	0.38	0.49	13.6
6.9	0.18	0.36	1.3
7.7	0.34	0.58	11.1
6.9	0.18	0.36	1.3
7.4	0.2	0.35	2.1
8.2	0.38	0.49	13.6
8.2	0.4	0.48	13.7
6.7	0.22	0.39	10.2
6.6	0.3	0.3	4.8
8.1	0.27	0.35	1.7
7.3	0.25	0.42	14.2
4.8	0.34	0	6.5
6.2	0.28	0.33	1.7
4.8	0.33	0	6.5
6.1	0.27	0.33	2.2
6.9	0.18	0.36	1.3
7.8	0.18	0.46	12.6
7.3	0.28	0.42	14.4
7.3	0.24	0.29	1.2
6	0.45	0.65	9.7
7.7	0.34	0.58	11.1
6.3	0.26	0.21	4
10.3	0.17	0.47	1.4
7.7	0.15	0.29	1.3
7.1	0.21	0.32	2.2
6.9	0.36	0.34	4.2
6	0.28	0.34	1.6
6.2	0.16	0.54	1.4
6.9	0.12	0.36	2.2
7.1	0.21	0.32	2.2
8.8	0.36	0.44	1.9
7.4	0.26	0.43	6
7.4	0.26	0.43	6
6.8	0.23	0.29	12.2
6.1	0.34	0.27	2.6
7.3	0.26	0.31	1.6
6.5	0.3	0.32	2
7.3	0.26	0.31	1.6
6.5	0.3	0.32	2
5	0.31	0	6.4
5.8	0.26	0.18	1.2
5.9	0.26	0.3	1
7	0.31	0.29	1.4
5.8	0.26	0.18	1.2
5.6	0.19	0.39	1.1
6.8	0.18	0.28	8.7
7	0.29	0.26	1.6
6.6	0.26	0.29	1.4
6.8	0.18	0.28	8.5
6.6	0.2	0.38	7.9
8	0.29	0.29	13.2
6.1	0.28	0.35	12.8
5.9	0.31	0.3	7.7
6.9	0.21	0.28	2.4
8.4	0.19	0.42	1.6
8.3	0.27	0.45	1.3
7.1	0.25	0.39	2.1
8	0.23	0.37	9.6
7.5	0.24	0.31	13
6.3	0.33	0.2	5.8
6.2	0.33	0.19	5.6
6.3	0.34	0.19	5.8
5.8	0.29	0.05	0.8
8	0.32	0.26	1.2
5.6	0.29	0.05	0.8
7.4	0.13	0.39	4.7
7.7	0.3	0.32	1.6
7	0.24	0.34	1.4
8.6	0.18	0.4	1.1
7	0.11	0.32	4.6
7.7	0.32	0.62	10.6
7.7	0.32	0.62	10.6
6.5	0.26	0.27	12.9
7.9	0.28	0.41	2
6.3	0.27	0.23	2.9
5.4	0.595	0.1	2.8
6.7	0.25	0.33	2.9
6.5	0.25	0.35	12
6.1	0.36	0.58	15
7.7	0.17	0.52	5.9
6.4	0.26	0.43	12.6
6.5	0.26	0.28	12.5
5.9	0.29	0.33	7.4
6.2	0.28	0.43	13
6.1	0.27	0.44	6.7
6.4	0.43	0.32	1.4
6.1	0.36	0.58	15
6.2	0.35	0.29	7.3
7.7	0.24	0.29	15.3
6.2	0.34	0.28	7.5
6.3	0.27	0.46	11.75
5.4	0.415	0.19	1.6
6.9	0.48	0.36	3.5
6.5	0.18	0.33	8
6.7	0.15	0.29	5
8.2	0.345	1	18.2
8.5	0.16	0.35	1.6
6.8	0.705	0.25	3.2
7.3	0.25	0.39	6.4
7.6	0.345	0.26	1.9
7.6	0.22	0.34	9.7
6.5	0.17	0.33	1.4
8.2	0.23	0.37	1.3
7.6	0.22	0.34	9.7
7.6	0.345	0.26	1.9
7.5	0.32	0.26	1.8
6.6	0.23	0.32	0.9
6.6	0.2	0.32	1.1
7.3	0.24	0.34	15.4
7.3	0.24	0.34	15.4
8	0.42	0.36	5
7.3	0.24	0.34	15.4
6.1	0.19	0.25	4
5.9	0.26	0.21	12.5
8.3	0.23	0.43	3.2
6.5	0.34	0.28	1.8
6.8	0.22	0.35	17.5
6.5	0.08	0.33	1.9
5.5	0.42	0.09	1.6
5.1	0.42	0.01	1.5
6	0.27	0.19	1.7
6.8	0.22	0.35	17.5
6.5	0.08	0.33	1.9
7.1	0.13	0.38	1.8
7.6	0.3	0.25	4.3
6.6	0.13	0.3	4.9
6.5	0.14	0.33	7.6
7.7	0.28	0.33	6.7
6	0.2	0.71	1.6
6	0.19	0.71	1.5
7.7	0.28	0.33	6.7
5.1	0.39	0.21	1.7
5.7	0.36	0.34	4.2
6.9	0.19	0.33	1.6
6	0.41	0.21	1.9
7.4	0.28	0.3	5.3
7.4	0.3	0.3	5.2
6.9	0.19	0.33	1.6
7.7	0.28	0.39	8.9
8.6	0.16	0.38	3.4
8.2	0.26	0.44	1.3
6.5	0.25	0.27	15.2
7	0.24	0.18	1.3
8.6	0.18	0.36	1.8
7.8	0.27	0.34	1.6
6	0.26	0.34	1.3
6.1	0.24	0.27	9.8
8	0.24	0.3	17.45
7.6	0.21	0.6	2.1
8	0.19	0.36	1.8
6.4	0.28	0.41	6.8
6.4	0.28	0.43	7.1
6.9	0.24	0.39	1.3
5.8	0.36	0.26	3.3
6.6	0.18	0.28	3.3
5.8	0.36	0.26	3.3
5.1	0.52	0.06	2.7
6.6	0.22	0.37	1.2
8.3	0.15	0.39	1.3
7.6	0.16	0.44	1.4
7.7	0.16	0.41	1.7
8.3	0.16	0.48	1.7
6.2	0.25	0.47	11.6
6.1	0.16	0.27	12.6
7.6	0.39	0.22	2.8
6.8	0.37	0.47	11.2
7.6	0.16	0.44	1.4
7.1	0.18	0.42	1.4
8.3	0.14	0.26	1.5
8.6	0.2	0.42	1.5
8.6	0.2	0.42	1.5
6.8	0.19	0.32	7.05
7.6	0.19	0.38	10.6
6.8	0.34	0.74	2.8
6.2	0.15	0.46	1.6
6.6	0.14	0.44	1.6
8	0.55	0.17	8.2
7	0.24	0.35	1.5
6.3	0.6	0.44	11
7.1	0.2	0.41	2.1
6.2	0.34	0.29	7.6
7.1	0.3	0.36	6.8
7.1	0.3	0.36	6.8
7.9	0.64	0.46	10.6
8.8	0.17	0.38	1.8
7.5	0.17	0.37	1.5
7.1	0.47	0.24	6
7.1	0.15	0.34	5.3
7.5	0.17	0.34	1.4
8.2	0.68	0.3	2.1
7.7	0.275	0.3	1
7.3	0.49	0.32	5.2
7.5	0.33	0.48	19.45
7.2	0.21	0.37	1.6
7.3	0.15	0.4	2
6.5	0.19	0.1	1.3
7	0.31	0.52	1.7
8.3	0.4	0.38	1.1
6.1	0.37	0.36	4.7
7.3	0.24	0.34	7.5
6.9	0.21	0.81	1.1
7.6	0.29	0.42	1.3
9.4	0.29	0.55	2.2
7	0.31	0.52	1.7
8.6	0.26	0.41	2.2
7.5	0.21	0.34	1.2
7.2	0.51	0.24	10
7.5	0.21	0.34	1.2
5.3	0.3	0.2	1.1
8	0.26	0.36	2
7	0.21	0.28	7.5
6.7	0.26	0.26	4
6.7	0.26	0.26	4.1
8.1	0.26	0.37	1.9
8.3	0.22	0.38	14.8
6.4	0.3	0.51	5.5
7.5	0.19	0.34	2.6
8.8	0.33	0.44	6.35
6.9	0.2	0.36	1.5
8	0.37	0.32	1.6
8.3	0.22	0.38	14.8
8.2	0.29	0.33	9.1
7.7	0.34	0.3	8
6.2	0.55	0.45	12
6.4	0.4	0.19	3.2
7.5	0.28	0.33	7.7
7.8	0.26	0.44	1.3
6.5	0.26	0.34	16.3
6.3	0.34	0.29	6.2
6.8	0.15	0.33	4.7
6.3	0.27	0.25	5.8
6.3	0.27	0.25	5.8
7.4	0.2	0.37	16.95
6.3	0.23	0.21	5.1
7.3	0.31	0.69	10.2
5.2	0.24	0.45	3.8
7	0.24	0.32	1.3
7.4	0.2	0.37	16.95
7	0.17	0.33	4
8.3	0.21	0.58	17.1
7.2	0.21	0.35	14.5
7.1	0.21	0.4	1.2
8.4	0.17	0.31	6.7
7.4	0.24	0.31	8.4
5.3	0.24	0.33	1.3
6.5	0.28	0.26	8.8
6.3	0.23	0.21	5.1
6.5	0.29	0.25	10.6
5.8	0.29	0.21	2.6
6.3	0.27	0.25	5.8
6.3	0.17	0.42	2.8
6.3	0.16	0.4	1.6
7.9	0.29	0.39	6.7
7.3	0.31	0.69	10.2
5.5	0.32	0.45	4.9
5.2	0.24	0.45	3.8
7.2	0.37	0.15	2
6.1	0.29	0.27	1.7
9.2	0.22	0.4	2.4
7.2	0.37	0.15	2
8	0.18	0.37	1.3
6.5	0.22	0.34	12
7.4	0.18	0.4	1.6
6.5	0.52	0.17	1.4
7	0.15	0.38	2.2
5.9	0.415	0.13	1.4
8.1	0.45	0.34	8.3
5.8	0.415	0.13	1.4
6.4	0.5	0.16	12.9
6.7	0.105	0.32	12.4
6	0.4	0.3	1.6
6.6	0.25	0.39	1.45
9.8	0.36	0.45	1.6
9.6	0.23	0.4	1.5
6.3	0.55	0.45	13
6.5	0.115	0.29	1.95
6.4	0.125	0.29	5.85
5.7	0.1	0.27	1.3
7.9	0.25	0.29	5.3
6.9	0.2	0.28	1.2
6.9	0.23	0.34	4
6.8	0.39	0.31	14.35
8.7	0.22	0.42	2.3
7.4	0.41	0.34	4.7
6.7	0.25	0.34	12.85
6	0.26	0.42	5.2
6.1	0.31	0.37	8.4
9.2	0.28	0.46	3.2
9	0.31	0.49	6.9
8.5	0.16	0.33	1
9.3	0.34	0.49	7.3
9.2	0.28	0.46	3.2
7.2	0.24	0.3	1.6
7.2	0.25	0.32	1.5
6.8	0.32	0.18	7.5
9.1	0.27	0.32	1.1
8.9	0.34	0.32	1.3
7	0.17	0.37	5.7
6.7	0.25	0.23	7.2
6.9	0.32	0.17	7.6
6.8	0.32	0.18	7.5
6.1	0.6	0	1.3
5.3	0.395	0.07	1.3
7.9	0.16	0.3	4.8
7.6	0.33	0.36	2.1
7.8	0.3	0.29	16.85
7.8	0.3	0.29	16.85
5.7	0.26	0.27	4.1
7.8	0.3	0.29	16.85
7.5	0.14	0.34	1.3
7.8	0.3	0.29	16.85
6.6	0.25	0.41	7.4
5.7	0.26	0.27	4.1
8.2	0.23	0.49	0.9
6	0.24	0.32	6.3
6.1	0.45	0.27	0.8
7.4	0.23	0.43	1.4
7.2	0.2	0.38	1
7.5	0.14	0.34	1.3
7.7	0.25	0.43	4.5
8.2	0.61	0.45	5.4
7.6	0.21	0.44	1.9
7.4	0.22	0.33	2
7.2	0.26	0.26	12.7
6.4	0.25	0.41	8.6
6.3	0.32	0.35	11.1
6.8	0.25	0.29	2
9.8	0.44	0.4	2.8
7.2	0.2	0.25	4.5
8.2	0.61	0.45	5.4
7.5	0.42	0.45	9.1
7.4	0.22	0.33	2
6.4	0.26	0.3	2.2
7.9	0.46	0.32	4.1
6.5	0.41	0.64	11.8
7.5	0.32	0.37	1.2
6.6	0.21	0.38	2.2
7.1	0.21	0.3	1.4
7.6	0.26	0.47	1.6
7.6	0.21	0.44	1.9
6.9	0.25	0.26	5.2
7.1	0.26	0.32	14.45
7.3	0.22	0.4	14.75
6.2	0.37	0.22	8.3
7.9	0.22	0.45	14.2
6.9	0.25	0.26	5.2
7.3	0.22	0.4	14.75
7.1	0.26	0.32	14.45
7.4	0.25	0.37	6.9
6.8	0.18	0.37	1.5
7	0.17	0.37	1.5
6.4	0.3	0.38	7.8
5	0.33	0.16	1.5
5	0.33	0.16	1.5
8.9	0.33	0.32	1.5
7	0.26	0.46	15.55
6.4	0.3	0.38	7.8
6.3	0.21	0.4	1.7
8	0.23	0.46	1.5
9.2	0.28	0.41	1
7.3	0.27	0.39	6.7
7.6	0.32	0.36	1.6
5	0.33	0.16	1.5
9.7	0.24	0.45	1.2
8	0.28	0.42	7.1
8.2	0.37	0.36	1
8	0.61	0.38	12.1
7.2	0.26	0.44	7.1
8.2	0.37	0.36	1
6.4	0.23	0.33	1.15
5.9	0.4	0.32	6
7.6	0.28	0.39	1.2
8	0.28	0.42	7.1
7.2	0.23	0.39	2.3
6.8	0.32	0.37	3.4
7.2	0.23	0.39	2.3
6.9	0.18	0.38	6.5
9.4	0.26	0.53	1.2
8.3	0.33	0.42	1.15
7.3	0.29	0.3	13
7.9	0.41	0.37	4.5
7.9	0.44	0.37	5.85
7.7	0.39	0.3	5.2
7.7	0.26	0.31	1.3
7.8	0.32	0.31	1.7
6.8	0.32	0.37	3.4
7.3	0.24	0.39	3.6
7.1	0.44	0.37	2.7
10.3	0.25	0.48	2.2
7.9	0.14	0.28	1.8
7.4	0.18	0.42	2.1
8.1	0.43	0.42	6.6
7.1	0.44	0.37	2.7
6.4	0.26	0.22	5.1
8	0.66	0.72	17.55
8	0.2	0.4	5.2
7.2	0.21	0.34	1.1
7.2	0.18	0.31	1.1
8.4	0.57	0.44	10.7
5.3	0.26	0.23	5.15
5.7	0.245	0.33	1.1
5.6	0.245	0.32	1.1
7.3	0.25	0.41	1.8
7	0.16	0.73	1
6.4	0.22	0.34	1.8
7.3	0.18	0.65	1.4
6.4	0.17	0.27	6.7
6.9	0.29	0.16	6.8
6.2	0.21	0.38	6.8
6.4	0.23	0.3	7.1
7.3	0.19	0.68	1.5
7.3	0.18	0.65	1.4
9.6	0.29	0.46	1.45
7.2	0.14	0.35	1.2
6.9	0.31	0.34	7.4
7.5	0.28	0.34	4.2
8	0.22	0.42	14.6
7.6	0.31	0.29	10.5
8.4	0.35	0.56	13.8
8	0.22	0.42	14.6
8.1	0.5	0.47	1.1
7	0.39	0.31	5.3
8.1	0.5	0.47	1.1
8.4	0.35	0.56	13.8
6.2	0.22	0.27	1.5
8	0.22	0.42	14.6
7.6	0.31	0.29	10.5
7	0.24	0.36	4.9
6.6	0.27	0.3	1.9
7.8	0.16	0.41	1.7
7.7	0.27	0.34	1.8
7.4	0.31	0.74	10.7
8	0.45	0.36	8.8
7.7	0.27	0.34	1.8
7.8	0.16	0.41	1.7
6.6	0.16	0.29	1.8
8.3	0.21	0.4	1.6
7.2	0.32	0.33	1.4
6.6	0.16	0.3	1.6
8.4	0.16	0.33	1.5
7.5	0.23	0.32	9.2
6.2	0.17	0.3	1.1
6.9	0.39	0.22	4.3
6.9	0.41	0.22	4.2
7.5	0.23	0.32	9.2
7.5	0.38	0.33	5
7.3	0.42	0.38	6.8
7.3	0.34	0.39	5.2
7.8	0.23	0.28	4.75
9	0.245	0.38	5.9
6.9	0.2	0.4	7.7
7.4	0.19	0.42	6.4
8.2	0.2	0.36	8.1
8	0.59	0.71	17.35
7.9	0.14	0.45	1.8
6.8	0.24	0.4	1.8
9.7	0.14	0.59	1.5
9.2	0.15	0.68	1.6
9.4	0.17	0.55	1.6
5.2	0.365	0.08	13.5
6.3	0.23	0.22	3.75
9.6	0.25	0.54	1.3
9.2	0.32	0.42	1.3
6.4	0.31	0.4	6.2
8.1	0.2	0.36	9.7
7.9	0.255	0.26	2
7	0.15	0.34	1.4
6.4	0.15	0.31	1.1
6.4	0.25	0.53	6.6
7.6	0.19	0.42	1.5
7.3	0.43	0.37	4.6
5.1	0.31	0.3	0.9
6.2	0.2	0.26	1.7
6.9	0.16	0.35	1.3
7.7	0.32	0.48	2.3
6.5	0.22	0.72	6.8
6.8	0.26	0.33	1.5
5.2	0.37	0.33	1.2
8.4	0.19	0.43	2.1
8.3	0.21	0.41	2.2
6.8	0.15	0.32	8.8
7.9	0.16	0.64	17
7.8	0.21	0.39	1.8
9	0.24	0.5	1.2
5.7	0.21	0.24	2.3
7.8	0.29	0.36	7
6.7	0.18	0.3	6.4
6.7	0.18	0.3	6.4
8.4	0.58	0.27	12.15
7.2	0.16	0.32	0.8
7.6	0.54	0.23	2
8.4	0.58	0.27	12.15
6.6	0.25	0.31	12.4
7.3	0.23	0.37	1.9
7.3	0.39	0.37	1.1
7	0.46	0.39	6.2
8.2	0.35	0.4	6.3
7.8	0.29	0.36	7
9.2	0.35	0.39	0.9
8	0.57	0.39	3.9
6.5	0.37	0.33	3.9
5.7	0.21	0.24	2.3
6.7	0.18	0.3	6.4
7.8	0.13	0.3	1.8
7.6	0.19	0.41	1.1
7.3	0.22	0.41	15.4
6.3	0.29	0.4	6.5
6.8	0.35	0.32	2.4
6.5	0.19	0.32	1.4
6.2	0.12	0.26	5.7
6	0.13	0.28	5.7
6.4	0.25	0.33	1.4
6.9	0.32	0.16	1.4
7.6	0.19	0.41	1.1
6.7	0.13	0.28	1.2
7	0.14	0.41	0.9
7.6	0.27	0.24	3.8
7.3	0.22	0.41	15.4
7.4	0.64	0.47	14.15
7.6	0.28	0.39	1.9
8.3	0.26	0.41	9.2
10.7	0.22	0.56	8.2
10.7	0.22	0.56	8.2
6.9	0.23	0.34	2.7
6.2	0.3	0.32	1.7
6.9	0.27	0.41	1.7
6.9	0.28	0.41	1.7
6.9	0.28	0.3	1.6
6.9	0.46	0.2	0.9
6.9	0.38	0.32	8.5
5.7	0.43	0.3	5.7
6.6	0.56	0.16	3.1
7.1	0.36	0.56	1.3
6.8	0.23	0.4	1.6
6.2	0.33	0.29	1.3
5.6	0.49	0.13	4.5
6.6	0.42	0.33	2.8
7.3	0.18	0.29	1.2
8.1	0.19	0.4	0.9
5.9	0.19	0.26	7.4
6.2	0.16	0.47	1.4
6.6	0.42	0.33	2.8
5.7	0.135	0.3	4.6
5.6	0.49	0.13	4.5
6.9	0.19	0.33	1.6
7.3	0.18	0.29	1.2
7.3	0.25	0.36	13.1
7.3	0.25	0.36	13.1
7	0.2	0.34	5.7
7.3	0.25	0.36	13.1
6.3	0.67	0.48	12.6
7.4	0.4	0.29	5.4
7.1	0.26	0.31	2.2
9	0.31	0.48	6.6
6.3	0.39	0.24	6.9
8.2	0.22	0.36	6.8
7.1	0.19	0.28	3.6
7.3	0.25	0.36	13.1
7.9	0.2	0.34	1.2
7.1	0.26	0.32	5.9
7	0.2	0.34	5.7
6.9	0.3	0.33	4.1
8.1	0.29	0.49	7.1
5.8	0.17	0.3	1.4
5.9	0.415	0.02	0.8
6.6	0.23	0.26	1.3
8.6	0.55	0.35	15.55
6.9	0.35	0.74	1
7.6	0.14	0.74	1.6
9.2	0.28	0.49	11.8
6.2	0.18	0.49	4.5
5.3	0.165	0.24	1.1
9.8	0.25	0.74	10
8.1	0.29	0.49	7.1
6.8	0.22	0.49	0.9
7.2	0.22	0.49	1
7.4	0.25	0.49	1.1
8.2	0.18	0.49	1.1
6.1	0.22	0.49	1.5
7	0.39	0.24	1
6.1	0.22	0.49	1.5
6.5	0.36	0.49	2.9
7.1	0.29	0.49	1.2
7.4	0.25	0.49	1.1
6.9	0.23	0.24	14.2
8.5	0.56	0.74	17.85
8.2	0.18	0.49	1.1
6.3	0.23	0.49	7.1
6.1	0.25	0.49	7.6
7.2	0.26	0.74	13.6
7.2	0.31	0.24	1.4
8	0.25	0.49	1.2
7	0.18	0.49	5.3
7.8	0.43	0.49	13
8.3	0.2	0.74	4.45
6.3	0.27	0.49	1.2
7.4	0.16	0.49	1.2
7.4	0.16	0.49	1.2
6.9	0.19	0.49	6.6
7.8	0.43	0.49	13
7.2	0.4	0.49	1.1
7.8	0.43	0.49	13
7.6	0.52	0.49	14
8.3	0.21	0.49	19.8
6.9	0.34	0.74	11.2
6.3	0.27	0.49	1.2
8.3	0.2	0.74	4.45
7.1	0.22	0.74	2.7
7.9	0.11	0.49	4.5
8.5	0.17	0.74	3.6
6.4	0.145	0.49	5.4
7.4	0.16	0.49	1.2
8.3	0.19	0.49	1.2
8	0.44	0.49	9.1
7	0.2	0.74	0.8
6.9	0.19	0.49	6.6
7.1	0.25	0.49	3
6.5	0.24	0.24	1.6
7.2	0.4	0.49	1.1
7.6	0.52	0.49	14
7.8	0.43	0.49	13
7.8	0.21	0.49	1.35
7	0.2	0.49	5.9
6.9	0.25	0.24	3.6
7.2	0.08	0.49	1.3
7.1	0.85	0.49	8.7
7.6	0.51	0.24	1.2
7.9	0.22	0.24	4.6
7.7	0.16	0.49	2
7.2	0.08	0.49	1.3
6.6	0.25	0.24	1.7
6.7	0.16	0.49	2.4
6.9	0.25	0.24	3.6
7.5	0.32	0.24	4.6
7.4	0.28	0.49	1.5
6.2	0.15	0.49	0.9
6.7	0.25	0.74	19.4
6.5	0.26	0.74	13.3
7.9	0.16	0.74	17.85
5.6	0.185	0.49	1.1
7.5	0.2	0.49	1.3
8	0.3	0.49	9.4
8	0.34	0.49	9
7.7	0.35	0.49	8.65
7.6	0.29	0.49	9.6
6.7	0.62	0.24	1.1
6.8	0.27	0.49	1.2
7.7	0.27	0.49	1.8
6.7	0.51	0.24	2.1
7.4	0.19	0.49	9.3
8.3	0.2	0.49	1.7
6.6	0.3	0.24	1.2
6.8	0.36	0.24	4.6
7	0.17	0.74	12.8
9.2	0.18	0.49	1.5
8.1	0.2	0.49	8.1
7.8	0.26	0.74	7.5
6.8	0.21	0.49	14.5
7.9	0.2	0.49	1.6
8	0.18	0.49	1.8
8.8	0.23	0.74	3.2
7.3	0.22	0.49	9.4
7.3	0.22	0.49	9.9
7.4	0.19	0.49	9.3
7.3	0.155	0.49	1.3
8.2	0.22	0.49	9.6
8.2	0.24	0.49	9.3
8.4	0.23	0.49	7.8
8.3	0.2	0.49	1.7
8.3	0.2	0.49	1.7
6.6	0.3	0.24	1.2
6.9	0.21	0.49	1.4
8	0.25	0.49	9
6.6	0.21	0.49	18.15
7.2	0.27	0.74	12.5
14.2	0.27	0.49	1.1
7.9	0.28	0.49	7.7
7.4	0.27	0.49	1.1
6.6	0.21	0.49	18.15
7.2	0.27	0.74	12.5
8.1	0.3	0.49	8.1
7.5	0.23	0.49	7.7
7.3	0.26	0.49	5
7.1	0.18	0.74	15.6
8.5	0.15	0.49	1.5
8.9	0.13	0.49	1
8.1	0.28	0.49	1
6	0.17	0.49	1
7.3	0.26	0.49	5
7.1	0.18	0.74	15.6
7.1	0.53	0.24	0.8
7.2	0.16	0.49	1.3
7.3	0.14	0.49	1.1
8.9	0.13	0.49	1
7.9	0.12	0.49	5.2
6.7	0.29	0.49	4.7
6.7	0.3	0.49	4.8
7.1	0.36	0.24	1.8
8.5	0.15	0.49	1.5
7.9	0.18	0.49	5.2
6.6	0.19	0.99	1.2
7.3	0.21	0.49	1.8
6.9	0.3	0.49	7.6
7.9	0.42	0.49	8.2
6.9	0.24	0.49	1.3
7.6	0.23	0.49	10
7.9	0.18	0.49	5.2
6.2	0.43	0.49	6.4
8.8	0.35	0.49	1
7.8	0.3	0.74	1.8
9.1	0.28	0.49	2
7.1	0.34	0.49	1.5
7.8	0.3	0.74	1.8
9.1	0.28	0.49	2
8.5	0.19	0.49	3.5
7.6	0.18	0.49	18.05
7.5	0.19	0.49	1.8
7.4	0.3	0.49	8.2
6.7	0.3	0.74	5
6.6	0.3	0.74	4.6
7.4	0.3	0.49	8.2
6.9	0.22	0.49	7
7.8	0.26	0.49	3.1
8.5	0.17	0.49	8.8
6.8	0.17	0.74	2.4
6.2	0.27	0.49	1.4
7.1	0.64	0.49	1.8
6.4	0.18	0.74	11.9
7.6	0.31	0.49	13.4
9.8	0.31	0.49	15.4
9	0.3	0.49	7.2
8.4	0.24	0.49	7.4
6.4	0.18	0.74	11.9
6.4	0.25	0.74	7.8
7.3	0.3	0.74	13.5
9.3	0.31	0.49	1.3
6.4	0.25	0.74	7.8
7.3	0.3	0.74	13.5
7	0.27	0.74	1.5
7.9	0.14	0.74	1.2
6.4	0.12	0.49	6.4
6.8	0.21	0.74	1.2
8.6	0.16	0.49	7.3
7	0.29	0.49	3.8
6.4	0.27	0.49	7.3
6.6	0.55	0.01	2.7
6.4	0.27	0.49	7.3
6.3	0.24	0.74	1.4
6.7	0.33	0.49	1.6
7	0.29	0.49	3.8
8.2	0.34	0.49	8
5.6	0.39	0.24	4.7
5.6	0.41	0.24	1.9
6.7	0.41	0.01	2.8
7.1	0.26	0.49	2.2
7.5	0.32	0.49	1.7
5.8	0.19	0.49	4.9
6.9	0.27	0.49	23.5
8.1	0.2	0.49	11.8
7.5	0.32	0.49	1.7
8.2	0.26	0.49	5.2
7.8	0.26	0.49	3.2
8	0.14	0.49	1.5
8	0.29	0.49	11.7
7.5	0.19	0.49	1.6
6.9	0.34	0.49	7.3
6.2	0.2	0.49	1.6
6.4	0.37	0.49	13.3
6.2	0.22	0.49	6
7.8	0.26	0.49	3.2
8.9	0.32	0.49	1.6
6.5	0.44	0.49	7.7
7	0.14	0.49	5.9
9	0.17	0.49	1
6.4	0.26	0.49	6.4
9	0.22	0.49	10.4
8.9	0.32	0.49	1.6
8.2	0.2	0.49	3.5
7.8	0.15	0.24	7.7
6.9	0.25	0.24	1.8
8.2	0.2	0.49	3.5
7.1	0.28	0.49	6.5
7.4	0.19	0.49	6.7
8.3	0.25	0.49	16.8
7.5	0.14	0.74	1.6
7.8	0.49	0.49	7
8.1	0.12	0.49	1.2
7.6	0.47	0.49	13
7.9	0.22	0.49	3.8
7.8	0.49	0.49	7
6.4	0.22	0.49	7.5
7.3	0.19	0.49	15.55
8.1	0.3	0.49	12.3
7.3	0.19	0.49	15.55
7.5	0.24	0.49	9.4
6.4	0.22	0.49	7.5
7.8	0.21	0.49	1.2
7.1	0.3	0.49	1.6
6.9	0.26	0.49	1.6
7.6	0.31	0.49	3.95
6.4	0.42	0.74	12.8
8.2	0.29	0.49	1
7.9	0.33	0.28	31.6
6.6	0.46	0.49	7.4
7.8	0.28	0.49	1.3
5.8	0.15	0.49	1.1
7.8	0.4	0.49	7.8
6.6	0.31	0.49	7.7
6.6	0.325	0.49	7.7
6.6	0.27	0.49	7.8
6.7	0.26	0.49	8.3
6.7	0.21	0.49	1.4
7.9	0.33	0.28	31.6
8.1	0.28	0.46	15.4
6.5	0.13	0.37	1
7.8	0.445	0.56	1
8.8	0.39	0.34	5.9
7.9	0.18	0.33	1.2
7.1	0.31	0.38	1.2
7.8	0.24	0.18	6.7
7	0.35	0.3	6.5
6.6	0.26	0.31	4.8
6.6	0.27	0.31	5.3
6.8	0.22	0.29	8.9
6.2	0.27	0.32	8.8
7	0.35	0.3	6.5
7.3	0.23	0.37	1.8
6.2	0.3	0.2	6.6
6.4	0.35	0.2	5.7
7.6	0.32	0.34	18.35
6.3	0.31	0.3	10
7.2	0.25	0.28	14.4
7.2	0.25	0.28	14.4
7.3	0.26	0.33	17.85
7.2	0.25	0.28	14.4
7.4	0.26	0.37	9.4
7.3	0.26	0.33	17.85
6.7	0.25	0.26	1.55
7.1	0.16	0.25	1.3
9	0.43	0.3	1.5
7.2	0.25	0.28	14.4
7	0.24	0.3	4.2
6.7	0.265	0.22	8.6
7.7	0.12	0.32	1.4
7.2	0.21	0.33	3
8.5	0.32	0.36	14.9
6.9	0.18	0.3	2
7	0.24	0.3	4.2
6.3	0.26	0.29	2.2
6.7	0.26	0.3	1.8
7.9	0.29	0.36	11.1
6.5	0.27	0.19	4.2
6.7	0.33	0.42	6.4
6.7	0.31	0.42	6.4
6.6	0.25	0.31	1.5
6.4	0.24	0.22	1.5
6.8	0.26	0.29	16.95
7	0.61	0.26	1.7
6.8	0.22	0.3	13.6
8.1	0.31	0.24	1.6
7	0.2	0.3	6.1
7.9	0.18	0.37	3
6.6	0.34	0.27	6.2
6.8	0.3	0.24	6.6
6.5	0.18	0.34	1.6
7	0.21	0.31	6
6.8	0.27	0.32	1.5
9.3	0.2	0.33	1.7
5.8	0.23	0.27	1.8
7.6	0.2	0.39	2.6
8.2	0.15	0.48	2.7
7.5	0.4	1	19.5
6.5	0.18	0.34	1.6
7	0.13	0.3	5
6.9	0.17	0.22	4.6
7	0.3	0.32	6.4
7.6	0.445	0.44	14.5
6.8	0.3	0.24	6.6
7.5	0.22	0.33	6.7
9.2	0.23	0.3	1.1
8.7	0.34	0.46	13.8
6.6	0.545	0.04	2.5
8.1	0.3	0.31	1.1
6.9	0.16	0.3	9.6
8	0.32	0.36	4.6
6.1	0.22	0.23	3.1
6.9	0.16	0.3	9.6
7.5	0.15	0.38	1.8
8.4	0.29	0.29	1.05
6.6	0.37	0.47	6.5
7.7	0.38	0.4	2
6.3	0.25	0.23	14.9
8.3	0.3	0.36	10
6.6	0.22	0.58	1.1
6.1	0.34	0.31	12
7.5	0.22	0.29	4.8
8.3	0.3	0.36	10
8	0.27	0.24	1.2
6.1	0.17	0.27	1.5
7.4	0.18	0.3	10.4
6.7	0.16	0.28	2.5
6.1	0.255	0.44	12.3
7.4	0.23	0.25	1.4
6.4	0.16	0.28	2.2
6.3	0.25	0.23	14.9
6.7	0.27	0.25	8
6.9	0.29	0.23	8.6
9.6	0.21	0.28	1.2
6.6	0.62	0.2	8.7
6.4	0.28	0.19	5.4
8	0.3	0.28	5.7
6.4	0.17	0.27	1.5
7.3	0.21	0.3	10.9
6.7	0.27	0.25	8
6.9	0.29	0.23	8.6
6.6	0.32	0.26	7.7
7.4	0.32	0.22	1.7
6.6	0.37	0.07	1.4
7.7	0.43	0.28	4.5
7.8	0.39	0.26	9.9
6.5	0.18	0.26	1.4
7.8	0.4	0.26	9.5
7.8	0.39	0.26	9.9
6.9	0.19	0.28	3
7.7	0.49	1	19.6
6.6	0.25	0.35	14
6.5	0.18	0.26	1.4
6.4	0.15	0.36	1.8
6.4	0.15	0.36	1.8
8.4	0.17	0.31	5.4
6.1	0.32	0.37	1.8
8.5	0.21	0.26	9.25
8.7	0.45	0.4	1.5
6.7	0.24	0.29	6.8
8.5	0.21	0.26	9.25
7.4	0.33	0.26	2.6
7.2	0.26	0.3	2.1
8.2	0.36	0.29	7.6
7.8	0.2	0.24	1.6
9.4	0.16	0.3	1.4
6.4	0.33	0.24	1.6
7.8	0.22	0.36	1.4
7.4	0.35	0.31	17.95
6.6	0.37	0.24	2
6.7	0.37	0.41	6.3
7.1	0.37	0.32	1.4
6.9	0.25	0.27	9.05
6.8	0.23	0.29	15.4
6.4	0.26	0.21	7.1
7.6	0.3	0.22	10.2
9.4	0.16	0.23	1.6
6.8	0.23	0.29	15.4
6.4	0.26	0.21	7.1
7.6	0.3	0.22	10.2
7.5	0.33	0.39	12.4
7.6	0.38	0.2	3.4
8.8	0.2	0.43	15
7.5	0.33	0.39	12.4
8.8	0.2	0.43	15
6.6	0.36	0.21	1.5
7.6	0.38	0.2	3.4
5.6	0.46	0.24	4.8
7.2	0.15	0.38	1.2
8.2	0.42	0.29	4.1
6.8	0.3	0.35	2.8
6.7	0.27	0.3	13.9
7.2	0.5	0	0.8
6	0.26	0.29	1
6.8	0.33	0.28	1.2
6.8	0.3	0.35	2.8
7.4	0.29	0.31	1.7
8.2	0.42	0.29	4.1
7.3	0.19	0.24	6.3
6.5	0.32	0.12	11.5
7.1	0.32	0.4	1.5
6.5	0.32	0.12	11.5
7.3	0.19	0.24	6.3
7.3	0.17	0.23	6.3
7.7	0.44	0.24	11.2
7.7	0.44	0.24	11.2
7.4	0.49	0.24	15.1
7.7	0.44	0.24	11.2
7.4	0.49	0.24	15.1
6.4	0.21	0.3	5.6
8	0.55	0.42	12.6
7	0.19	0.23	5.7
7.2	0.24	0.29	2.2
6.5	0.34	0.36	11
7	0.19	0.23	5.7
6.9	0.18	0.33	1
7.2	0.24	0.29	2.2
8.2	0.18	0.31	11.8
8.3	0.28	0.45	7.8
6.1	0.34	0.46	4.7
7.4	0.44	0.2	11.5
7.6	0.26	0.58	7.9
7.4	0.44	0.2	11.5
8.7	0.49	0.57	17.8
7	0.24	0.25	1.7
7.1	0.25	0.25	1.6
6.1	0.34	0.46	4.7
6.4	0.18	0.31	1.6
8.3	0.27	0.39	2.4
6.8	0.24	0.35	6.4
8	0.22	0.28	14
10	0.91	0.42	1.6
8.9	0.34	0.34	1.6
8.9	0.33	0.34	1.4
8	0.22	0.28	14
6.7	0.18	0.19	4.7
7.8	0.2	0.28	10.2
7.3	0.13	0.31	2.3
6.6	0.28	0.3	7.8
7.1	0.25	0.3	2.4
7.6	0.36	0.44	8.3
7.6	0.27	0.25	13.9
6.9	0.37	0.28	13.8
7.4	0.21	0.27	7.3
8.2	0.18	0.28	8.5
6.3	0.19	0.21	1.8
7	0.21	0.22	5.1
5.8	0.33	0.2	16.05
5.8	0.33	0.2	16.05
7.9	0.29	0.31	7.35
6.6	0.31	0.38	16.05
8	0.19	0.3	2
8	0.2	0.36	1.2
8	0.25	0.26	14
7.2	0.2	0.61	16.2
7.7	0.3	0.42	14.3
7.2	0.2	0.61	16.2
7.7	0.3	0.42	14.3
7.7	0.3	0.42	14.3
6.4	0.22	0.32	7.9
7.2	0.2	0.61	16.2
7	0.53	0.02	1
7.3	0.24	0.41	13.6
7.2	0.24	0.4	17.85
7.6	0.15	0.4	1.3
7.7	0.3	0.42	14.3
7.6	0.33	0.41	13.7
6.8	0.24	0.31	18.3
6.8	0.24	0.31	18.3
6.8	0.35	0.44	6.5
7.9	0.26	0.33	10.3
7.5	0.29	0.67	8.1
7.5	0.29	0.67	8.1
7.2	0.31	0.41	8.6
6.7	0.44	0.31	1.9
10	0.23	0.27	14.1
7.4	0.21	0.3	7.9
8.8	0.23	0.35	10.7
7.8	0.34	0.27	1.2
7.9	0.26	0.33	10.3
7.5	0.29	0.67	8.1
6	0.28	0.35	1.9
7.9	0.37	0.3	2.7
7.2	0.36	0.36	5.7
7.6	0.13	0.34	9.3
6.6	0.25	0.36	8.1
7.1	0.18	0.26	1.3
7.9	0.3	0.27	8.5
8.3	0.23	0.3	2.1
6.8	0.43	0.3	3.5
7.2	0.36	0.36	5.7
6.6	0.25	0.36	8.1
7.1	0.18	0.26	1.3
6.6	0.35	0.29	14.4
7.3	0.22	0.5	13.7
8.1	0.26	0.33	11.1
7.6	0.13	0.34	9.3
7	0.12	0.19	4.9
8.2	0.37	0.27	1.7
7.6	0.26	0.36	1.6
6.3	0.2	0.58	1.4
6.3	0.22	0.57	1.4
7.1	0.25	0.28	1.6
7	0.27	0.32	6.8
8.8	0.34	0.33	9.7
9.2	0.27	0.34	10.5
7.1	0.49	0.22	2
9.2	0.71	0.23	6.2
7.2	0.47	0.65	8.3
6.8	0.28	0.36	1.6
8.8	0.34	0.33	9.7
9.2	0.27	0.34	10.5
7.3	0.13	0.27	4.6
7.2	0.16	0.35	1.2
6.8	0.31	0.32	7.6
8.3	0.36	0.57	15
6.8	0.31	0.32	7.6
8.3	0.36	0.57	15
6.3	0.25	0.44	11.6
6	0.45	0.42	1.1
8.1	0.26	0.3	7.8
6.4	0.22	0.32	12
5.7	0.45	0.42	1.1
7.2	0.19	0.31	1.4
6.7	0.31	0.44	6.7
8	0.25	0.13	17.2
9.9	1.005	0.46	1.4
8.1	0.31	0.36	8.2
8.1	0.24	0.38	4.3
8	0.25	0.13	17.2
6.4	0.29	0.28	11.1
7.2	0.15	0.33	1.1
7	0.12	0.32	7.2
7.4	0.32	0.55	16.6
8.5	0.17	0.31	1
8.5	0.17	0.31	1
9.5	0.21	0.47	1.3
8.2	0.21	0.48	1.4
7.4	0.32	0.55	16.6
6.8	0.31	0.42	6.9
6.8	0.27	0.28	13.3
7.4	0.21	0.3	8.1
8	0.23	0.35	9.2
7.6	0.2	0.31	1.4
6.3	0.41	0.3	3.2
8.3	0.49	0.43	2.5
6.3	0.41	0.3	3.2
7.6	0.2	0.26	4.5
7.5	0.26	0.26	18.35
7.5	0.26	0.26	18.35
6.8	0.27	0.35	7.8
6.8	0.28	0.37	7
8.4	0.2	0.27	6.3
7.9	0.33	0.26	1.2
7.5	0.38	0.5	12.8
7.6	0.2	0.3	14.2
7.6	0.2	0.3	14.2
7.6	0.2	0.3	14.2
7.6	0.2	0.3	14.2
7.6	0.2	0.3	14.2
8.1	0.19	0.58	16.65
7.6	0.16	0.41	1.9
8.1	0.22	0.28	7.7
8	0.22	0.32	10.4
7.1	0.33	0.3	3.3
6.4	0.43	0.27	1.1
7.6	0.2	0.3	14.2
7	0.12	0.28	6.3
7.4	0.3	0.22	5.25
7	0.28	0.33	14.6
8.4	0.2	0.38	11.8
7	0.28	0.33	14.6
8.4	0.2	0.38	11.8
8.4	0.2	0.38	11.8
7.3	0.18	0.31	17.3
6.8	0.31	0.09	1.4
6.7	0.31	0.08	1.3
7.6	0.17	0.35	1.6
7.4	0.3	0.22	5.25
7.4	0.26	0.31	2.4
7	0.28	0.33	14.6
8.4	0.2	0.38	11.8
5.6	0.18	0.31	1.5
7.2	0.15	0.39	1.8
8	0.4	0.33	7.7
7	0.25	0.56	2
7.2	0.15	0.39	1.8
6.8	0.18	0.46	1.4
6.6	0.32	0.22	16.7
9	0.55	0.3	8.1
6.9	0.19	0.39	8
6.3	0.41	0.33	4.7
9	0.55	0.3	8.1
7	0.2	0.34	2.1
6.6	0.32	0.22	16.7
7.7	0.26	0.34	6.4
6.3	0.21	0.28	1.5
7.6	0.34	0.39	7.6
6.3	0.21	0.28	1.5
8	0.43	0.4	12.4
7.5	0.3	0.71	1.3
6.4	0.26	0.4	1.7
6.9	0.32	0.15	8.1
8.9	0.21	0.34	7.1
7.6	0.34	0.39	7.6
9.5	0.42	0.41	2.3
7.6	0.29	0.26	6.5
6.5	0.25	0.2	1.4
7.2	0.23	0.33	12.7
7.9	0.35	0.36	1.6
8.8	0.2	0.28	1.1
5.7	0.27	0.32	1.2
7.6	0.29	0.26	6.5
5.5	0.14	0.27	4.6
8.7	0.24	0.35	0.6
6.7	0.3	0.45	10.6
5.5	0.14	0.27	4.6
5.6	0.13	0.27	4.8
7.4	0.18	0.34	2.7
5.7	0.385	0.04	12.6
8.7	0.24	0.35	0.6
8.3	0.33	0.43	9.2
6.8	0.34	0.44	6.6
6.8	0.33	0.44	7
6.3	0.28	0.24	8.45
11.8	0.23	0.38	11.1
6.8	0.21	0.27	18.15
6.8	0.21	0.27	18.15
8.6	0.485	0.29	4.1
8.6	0.485	0.29	4.1
7.3	0.29	0.29	4.6
6.8	0.21	0.27	18.15
6.7	0.31	0.31	4.9
7.3	0.29	0.37	8.3
5.7	0.46	0.46	1.4
6.8	0.28	0.44	11.5
6.7	0.23	0.33	1.8
6.9	0.17	0.25	1.6
7.6	0.18	0.36	2.4
6.6	0.22	0.28	4.9
7.8	0.27	0.28	1.8
7.7	0.28	0.29	4.3
7.6	0.29	0.29	4.4
5.7	0.32	0.18	1.4
7.1	0.33	0.25	1.6
7.3	0.34	0.3	1.3
6.5	0.19	0.26	5.2
6.6	0.23	0.27	5.6
6.6	0.27	0.29	5.3
6.6	0.22	0.28	4.9
7.6	0.18	0.36	2.4
6.8	0.36	0.32	1.6
7	0.22	0.39	2.1
5.9	0.17	0.3	1.4
7.4	0.45	0.32	7.1
6.8	0.36	0.32	1.6
7.5	0.42	0.14	10.7
7.5	0.33	0.32	11.1
9.4	0.3	0.32	10.7
7.9	0.17	0.32	1.6
7.9	0.17	0.32	1.6
8.2	0.17	0.32	1.5
8.3	0.17	0.31	1.5
8.7	0.15	0.3	1.6
7.9	0.17	0.32	1.6
7.2	0.25	0.19	8
7.2	0.24	0.19	7.7
5.3	0.76	0.03	2.7
6.6	0.22	0.53	15.1
6.6	0.22	0.53	15.1
8.4	0.28	0.4	8.9
6.8	0.32	0.34	6
6.7	0.24	0.33	12.3
7.4	0.18	0.36	13.1
6	0.16	0.3	6.7
6.7	0.24	0.33	12.3
6.8	0.28	0.35	2.3
6.2	0.34	0.3	11.1
6	0.27	0.15	1.5
6	0.16	0.3	6.7
6.8	0.32	0.34	6
8.5	0.24	0.47	15.2
8.1	0.24	0.33	10.2
7.4	0.18	0.36	13.1
7.7	0.23	0.31	10.7
6.5	0.22	0.25	17.1
6.5	0.22	0.25	17.1
6.5	0.22	0.25	17.1
5.7	0.33	0.15	1.9
7.7	0.23	0.31	10.7
6.5	0.22	0.25	17.1
6.8	0.2	0.27	1.2
7.7	0.26	0.32	1.2
6.4	0.2	0.32	3.1
8	0.16	0.36	1.5
6.8	0.25	0.27	10.7
7.7	0.39	0.28	4.9
6.9	0.26	0.33	12.6
6.8	0.25	0.27	10.7
7.7	0.39	0.28	4.9
6	0.28	0.22	12.15
6.5	0.43	0.28	12
9.1	0.33	0.38	1.7
5.9	0.5	0.05	2.6
6.8	0.28	0.39	1.4
7	0.35	0.24	1.9
7.1	0.22	0.32	16.9
7.1	0.22	0.32	16.9
8.3	0.24	0.27	2.1
6.8	0.26	0.32	7
7.2	0.16	0.26	7.1
7.9	0.18	0.36	5.9
7.2	0.16	0.26	7.1
5.5	0.24	0.32	8.7
7.1	0.33	0.64	13.2
7.7	0.28	0.35	15.3
7.7	0.28	0.35	15.3
7.5	0.26	0.52	13.2
6.5	0.14	0.32	2.7
8.2	0.21	0.32	10.65
7.2	0.2	0.31	10
7.2	0.115	0.3	6.8
6.4	0.29	0.2	15.6
7.1	0.33	0.64	13.2
6.8	0.24	0.34	5.1
7	0.24	0.34	3
7.7	0.28	0.35	15.3
7	0.22	0.33	2.1
7.5	0.18	0.39	1.9
9.8	0.93	0.45	8.6
7.8	0.29	0.33	8.75
7.9	0.28	0.32	3.6
8.5	0.25	0.27	4.7
7.4	0.18	0.27	1.3
6.3	0.24	0.37	1.8
6	0.33	0.38	9.7
6.8	0.37	0.28	4
9.9	0.49	0.23	2.4
8.5	0.25	0.27	4.7
8.4	0.22	0.28	18.8
7	0.35	0.31	1.8
7	0.35	0.31	1.8
7.4	0.19	0.3	12.8
7.4	0.19	0.3	12.8
7.4	0.19	0.3	12.8
7.4	0.19	0.3	12.8
7.4	0.19	0.3	12.8
6.9	0.32	0.13	7.8
7.6	0.32	0.58	16.75
7.4	0.19	0.3	12.8
7.4	0.19	0.3	12.8
6.9	0.32	0.13	7.8
6	0.34	0.24	5.4
7.6	0.32	0.58	16.75
7.7	0.24	0.31	1.3
8	0.36	0.43	10.1
7.4	0.29	0.25	3.8
6.6	0.32	0.27	10.9
6.3	0.3	0.24	6.6
6.4	0.33	0.24	9.8
7.5	0.18	0.31	11.7
6.5	0.39	0.81	1.2
6.8	0.25	0.18	1.4
6.4	0.18	0.32	9.6
7.1	0.18	0.32	12.2
7.6	0.27	0.42	2.6
9.2	0.23	0.35	10.7
7.9	0.28	0.41	4.9
7.1	0.18	0.32	12.2
6.4	0.18	0.32	9.6
6.8	0.25	0.18	1.4
7	0.22	0.26	1.1
7.3	0.18	0.29	1
7.1	0.26	0.19	8.2
6.6	0.25	0.42	11.3
6.4	0.24	0.23	7.3
6	0.28	0.27	2.3
7.1	0.26	0.19	8.2
7.8	0.24	0.38	2.1
7.6	0.27	0.33	2
7.7	0.39	0.34	10
8.9	0.24	0.33	15.75
6.6	0.23	0.24	3.9
7.1	0.26	0.3	2
7	0.32	0.35	1.5
7.4	0.24	0.26	1.6
6.9	0.21	0.33	1.4
7	0.32	0.35	1.5
7.4	0.17	0.29	1.4
7.1	0.26	0.3	2
8.5	0.28	0.34	13.8
7.8	0.3	0.37	1.3
8.1	0.25	0.38	3.8
7.7	0.28	0.29	6.9
6.5	0.24	0.36	2.2
7	0.22	0.32	1.6
8.5	0.28	0.34	13.8
8	0.45	0.28	10.8
6.9	0.23	0.33	12.8
8	0.45	0.28	10.8
7.6	0.23	0.26	15.3
7.7	0.28	0.58	12.1
7.7	0.27	0.61	12
7.1	0.2	0.36	11.6
6.9	0.25	0.35	9.2
7.1	0.2	0.36	11.6
6.9	0.25	0.35	9.2
8.4	0.2	0.31	2.8
6.5	0.39	0.35	1.6
7.2	0.23	0.38	6.1
6.9	0.44	0.42	8.5
7.1	0.28	0.19	7.8
6.4	0.34	0.2	14.9
6.1	0.15	0.29	6.2
6.9	0.44	0.42	8.5
7.2	0.29	0.18	8.2
7.1	0.28	0.19	7.8
6.1	0.23	0.45	10.6
6.7	0.23	0.42	11.2
7	0.36	0.14	11.6
7.5	0.31	0.24	7.1
6.4	0.34	0.2	14.9
6.1	0.15	0.29	6.2
7.4	0.2	0.29	1.7
6.3	0.27	0.18	7.7
9.2	0.34	0.54	17.3
7.4	0.18	0.29	1.4
7.2	0.29	0.2	7.7
6.3	0.27	0.18	7.7
6.2	0.26	0.19	3.4
7.3	0.21	0.21	1.6
7.1	0.14	0.35	1.4
7.2	0.39	0.54	1.4
7.6	0.48	0.28	10.4
7.2	0.39	0.54	1.4
7.6	0.48	0.28	10.4
6.5	0.36	0.31	4.1
8.5	0.25	0.31	2.8
6.9	0.3	0.21	15.7
6.6	0.19	0.43	10.9
6.9	0.3	0.21	15.7
9.4	0.42	0.32	6.5
6.6	0.19	0.43	10.9
6.3	0.2	0.3	5.9
8.5	0.19	0.56	17.3
7.3	0.19	0.25	1.4
6.7	0.25	0.26	13.5
6.2	0.25	0.28	8.5
6.1	0.46	0.32	6.2
7.3	0.19	0.25	1.4
7.5	0.29	0.26	14.95
6.7	0.31	0.18	7.7
7.4	0.14	0.3	1.3
6.7	0.31	0.18	7.7
7.1	0.4	0.52	1.3
6.4	0.16	0.25	1.3
6.3	0.16	0.22	1.3
7.4	0.33	0.26	15.6
7.4	0.33	0.26	15.6
7.4	0.33	0.26	15.6
7.4	0.33	0.26	15.6
6.6	0.41	0.24	4.9
6.7	0.43	0.23	5
7.4	0.33	0.26	15.6
7.3	0.4	0.28	6.5
7.4	0.18	0.24	1.4
8.6	0.17	0.28	2.7
6.5	0.32	0.23	1.2
7.3	0.4	0.28	6.5
7	0.32	0.31	6.4
7.5	0.42	0.19	6.9
6.9	0.28	0.31	7.2
6.5	0.29	0.42	10.6
6.3	0.41	0.18	3.5
7	0.32	0.31	6.4
7.3	0.3	0.33	2.3
6.6	0.22	0.28	12.05
6	0.26	0.18	7
6.9	0.44	0.18	11.8
7.5	0.42	0.2	1.4
7	0.36	0.3	5
5.6	0.295	0.2	2.2
6.8	0.21	0.55	14.6
9.4	0.28	0.3	1.6
8.1	0.28	0.34	1.3
6.8	0.21	0.55	14.6
7	0.22	0.26	2.8
9.4	0.28	0.3	1.6
6.8	0.32	0.3	3.3
7	0.19	0.33	6.3
7.7	0.42	0.38	8.1
7.4	0.2	0.31	1.6
7.5	0.24	0.62	10.6
7.5	0.26	0.59	11.8
6.6	0.4	0.32	1.7
8	0.2	0.3	8.1
4.6	0.445	0	1.4
6.1	0.41	0.04	1.3
7.6	0.2	0.34	1.8
6.9	0.3	0.21	7.2
7	0.35	0.17	1.1
6.9	0.35	0.55	11.95
7	0.35	0.17	1.1
6.9	0.35	0.55	11.95
7.6	0.3	0.4	2.2
7.5	0.38	0.29	12.7
7.5	0.3	0.32	1.4
6.3	0.4	0.32	10.6
6.8	0.37	0.28	1.9
7.5	0.23	0.35	17.8
8.3	0.27	0.34	10.2
6.8	0.26	0.22	4.8
6.5	0.28	0.35	9.8
7.2	0.34	0.3	8.4
7	0.23	0.26	7.2
7.7	0.29	0.29	4.8
7.2	0.34	0.3	8.4
7.7	0.4	0.27	4.5
6.7	0.17	0.27	1.4
7	0.23	0.26	7.2
8.1	0.24	0.26	11
7.7	0.28	0.63	11.1
7.5	0.23	0.29	2.6
8.3	0.26	0.31	2
7.9	0.46	0.4	10.1
7.9	0.31	0.22	13.3
7.9	0.25	0.34	11.4
6.1	0.28	0.16	1.3
7	0.18	0.26	1.4
6.5	0.21	0.28	1.4
7.6	0.48	0.33	7
7.1	0.34	0.32	2
8.9	0.21	0.37	1.2
7.4	0.32	0.27	12.9
6	0.495	0.27	5
8.1	0.25	0.34	10.1
8.2	0.25	0.46	3.75
6.5	0.18	0.29	1.7
6.7	0.24	0.26	12.6
6.6	0.32	0.24	1.3
7.6	0.32	0.35	1.6
7.4	0.33	0.44	7.6
7.2	0.3	0.3	8.1
7.4	0.34	0.3	14.9
6.1	0.16	0.29	6
6.3	0.1	0.24	6
6.2	0.45	0.73	7.2
6	0.33	0.18	3
7.6	0.48	0.37	1.2
7.2	0.2	0.3	2
7	0.32	0.29	4.9
7.2	0.2	0.3	2
7	0.22	0.29	8.9
9.4	0.23	0.56	16.45
6.4	0.27	0.19	2
6.4	0.27	0.19	1.9
7	0.23	0.42	5.1
6.9	0.15	0.28	4.4
6.7	0.26	0.29	5.8
6.9	0.15	0.28	4.4
7.6	0.2	0.68	12.9
6.9	0.3	0.29	1.3
6.9	0.3	0.3	1.3
7.6	0.21	0.35	1.2
6.8	0.46	0.26	2.7
7	0.28	0.26	1.7
6.5	0.24	0.29	8.2
6.4	0.17	0.34	1.5
6.4	0.17	0.34	1.5
6.3	0.695	0.55	12.9
7	0.27	0.29	3.9
8.4	0.3	0.25	17.75
6.5	0.19	0.27	4.9
8	0.36	0.39	1.6
6.1	0.16	0.24	1.4
9.2	0.19	0.42	2
9.2	0.16	0.49	2
8	0.26	0.28	8.2
8.8	0.33	0.36	2.1
9.8	0.16	0.46	1.8
6.6	0.23	0.18	8.5
7.9	0.44	0.26	4.45
7.6	0.31	0.27	5.8
7.5	0.705	0.1	13
7.1	0.21	0.28	2.7
7	0.16	0.26	7.3
8	0.27	0.25	19.1
6.3	0.38	0.17	8.8
7.1	0.21	0.28	2.7
6.2	0.38	0.18	7.4
8.2	0.24	0.3	2.3
7	0.16	0.26	6.85
7.3	0.815	0.09	11.4
6.3	0.41	0.16	0.9
6.1	0.36	0.41	19.35
8.1	0.4	0.32	7.9
6.8	0.26	0.43	11.75
6.2	0.44	0.18	7.7
7.2	0.24	0.29	3
6.2	0.44	0.18	7.7
7.2	0.24	0.29	3
7.3	0.22	0.26	1.5
8.1	0.34	0.28	7.5
7.3	0.22	0.26	1.5
8.1	0.34	0.28	7.5
6.4	0.28	0.17	8.3
6.3	0.29	0.14	7.05
6.4	0.27	0.17	8.4
7.4	0.35	0.2	13.9
8.3	0.28	0.27	17.5
6.4	0.35	0.35	5.6
6.9	0.43	0.28	9.4
8	0.26	0.28	4.8
6.9	0.43	0.28	9.4
7.3	0.27	0.37	9.7
6.8	0.46	0.26	6.3
7.2	0.2	0.28	1.6
7.6	0.285	0.32	14.6
6.6	0.32	0.33	2.5
7.6	0.285	0.32	14.6
6.6	0.34	0.34	2.6
6.6	0.32	0.33	2.5
6.5	0.27	0.26	8.2
6.6	0.26	0.27	1.5
6.7	0.27	0.26	2.3
6.6	0.56	0.15	10
6.6	0.56	0.15	10
7.3	0.19	0.27	1.6
6.3	0.2	0.26	1.6
7.1	0.29	0.3	16
7.8	0.32	0.33	10.4
8.1	0.33	0.36	7.4
8.1	0.33	0.36	7.4
7.8	0.32	0.33	10.4
6.6	0.33	0.24	16.05
6.6	0.33	0.24	16.05
8.2	0.26	0.33	2.6
8.3	0.25	0.33	2.5
7	0.26	0.26	10.8
6	0.26	0.15	1.2
7.5	0.28	0.78	12.1
7.5	0.27	0.79	11.95
7	0.28	0.32	1.7
5.2	0.16	0.34	0.8
6.8	0.34	0.1	1.4
7.6	0.25	0.34	1.3
5.6	0.35	0.4	6.3
8.8	0.24	0.23	10.3
6	0.29	0.21	15.55
6.1	0.27	0.31	1.5
7.4	0.56	0.09	1.5
6.8	0.29	0.49	1.4
6.1	0.27	0.31	1.5
6.3	0.27	0.37	7.9
6.6	0.24	0.3	13
6.8	0.32	0.3	1
6.4	0.37	0.37	4.85
6.2	0.26	0.37	7.1
6.3	0.27	0.37	7.9
6.4	0.3	0.16	7.5
8	0.28	0.32	7.6
6.7	0.24	0.32	10.3
7.9	0.27	0.27	1.7
7.9	0.27	0.27	1.7
6.1	0.28	0.24	19.95
7.7	0.39	0.49	7.7
6	0.2	0.24	5.3
6.1	0.28	0.24	19.95
7.6	0.31	0.23	12.7
7.6	0.31	0.23	12.7
6.3	0.18	0.22	1.5
8.6	0.23	0.25	11.3
6.8	0.21	0.36	18.1
6.8	0.21	0.36	18.1
6.9	0.26	0.31	7
6.8	0.21	0.36	18.1
6.4	0.31	0.4	6.4
8.6	0.34	0.36	1.4
8.6	0.34	0.36	1.4
8.5	0.3	0.28	3.1
7.4	0.4	0.41	14.1
6.6	0.32	0.34	7.7
7.1	0.34	0.31	5.2
6.6	0.26	0.25	11.6
8	0.27	0.57	10.4
6.2	0.28	0.45	7.5
6.2	0.3	0.49	11.2
5.6	0.175	0.29	0.8
6.9	0.34	0.36	1.4
6.9	0.34	0.3	4.7
7.1	0.12	0.3	3.1
7.1	0.32	0.29	4
7.3	0.51	0.29	11.3
7.1	0.12	0.3	3.1
6.3	0.24	0.55	8.1
7.5	0.41	0.23	14.8
6.5	0.18	0.33	1.4
7.3	0.17	0.24	8.1
8.2	0.2	0.38	3.5
7.5	0.41	0.23	14.8
7.3	0.17	0.24	8.1
6.5	0.18	0.33	1.4
7.3	0.16	0.35	1.5
6.4	0.16	0.37	1.5
6.6	0.42	0.13	12.8
5.8	0.3	0.12	1.6
6.7	0.54	0.27	7.1
6.7	0.54	0.27	7.1
6.4	0.22	0.3	11.2
6.8	0.23	0.3	1.7
9	0.26	0.34	6.7
6.5	0.23	0.25	17.3
5.9	0.28	0.14	8.6
5.9	0.28	0.14	8.6
6.2	0.27	0.18	1.5
9	0.29	0.34	12.1
9	0.26	0.34	6.7
8.9	0.27	0.34	10.7
6.5	0.23	0.25	17.3
6.9	0.32	0.3	1.8
7.2	0.22	0.24	1.4
6.7	0.5	0.38	7.5
6.2	0.33	0.14	4.8
6.3	0.26	0.42	7.1
7.5	0.2	0.47	16.9
6.2	0.33	0.14	4.8
6.3	0.26	0.42	7.1
6.6	0.36	0.52	11.3
6.3	0.13	0.42	1.1
6.4	0.15	0.44	1.2
6.3	0.13	0.42	1.1
7.6	0.23	0.64	12.9
6.4	0.15	0.44	1.2
6.3	0.13	0.42	1.1
5.7	0.255	0.65	1.2
6.9	0.32	0.26	2.3
6.9	0.28	0.22	10
6.9	0.32	0.26	2.3
5.7	0.255	0.65	1.2
6.6	0.41	0.16	1.4
7.3	0.37	0.16	14.9
6.9	0.21	0.24	1.8
6.6	0.24	0.28	1.8
6.8	0.28	0.36	7
6.6	0.24	0.24	8.6
6.6	0.24	0.28	1.8
7	0.16	0.32	1.1
7	0.14	0.28	1.3
6.3	0.34	0.36	4.9
6.8	0.26	0.24	1.9
6.7	0.17	0.42	10.4
6.5	0.27	0.4	10
6.7	0.25	0.36	8.6
5.8	0.3	0.27	1.7
6.4	0.28	0.56	1.7
7.7	0.3	0.26	18.95
6.8	0.18	0.3	12.8
6.8	0.18	0.3	12.8
6.8	0.18	0.3	12.8
6.8	0.18	0.3	12.8
6.8	0.18	0.3	12.8
6.8	0.18	0.3	12.8
5.1	0.14	0.25	0.7
6.8	0.18	0.3	12.8
7.2	0.615	0.1	1.4
6.9	0.13	0.28	13.3
6.7	0.34	0.3	8.5
7.3	0.32	0.29	1.5
6.3	0.21	0.29	11.7
5.4	0.5	0.13	5
8.2	0.52	0.34	1.2
7.8	0.28	0.31	2.1
6.4	0.22	0.34	1.4
7.8	0.28	0.31	2.1
6.9	0.32	0.27	16
6.8	0.11	0.42	1.1
6.2	0.26	0.32	15.3
6.4	0.22	0.34	1.4
6.7	0.3	0.29	2.8
6.7	0.3	0.29	2.8
7.1	0.2	0.3	0.9
7.2	0.2	0.36	2.5
8.9	0.26	0.33	8.1
7.5	0.25	0.32	8.2
7.1	0.2	0.3	0.9
6.3	0.27	0.46	11.1
6.5	0.3	0.39	7.8
6.7	0.3	0.29	2.8
6.6	0.36	0.52	10.1
6.15	0.21	0.37	3.2
6.5	0.18	0.41	14.2
6.5	0.18	0.41	14.2
6.5	0.18	0.41	14.2
6.6	0.26	0.21	2.9
6.6	0.35	0.35	6
6.5	0.28	0.28	20.4
6.6	0.36	0.52	10.1
6.6	0.26	0.21	2.9
6.5	0.18	0.41	14.2
6.15	0.21	0.37	3.2
4.5	0.19	0.21	0.95
8	0.24	0.26	1.7
7.8	0.17	0.23	1.7
7	0.24	0.24	9
5.8	0.6	0	1.3
5.9	0.445	0.26	1.4
6.7	0.28	0.28	2.4
6.8	0.44	0.2	16
7.2	0.24	0.27	11.4
8.7	0.31	0.73	14.35
8.2	0.32	0.26	2.1
7.2	0.24	0.27	11.4
8.7	0.31	0.73	14.35
7.5	0.13	0.38	1.1
9.2	0.14	0.37	1.1
7.4	0.2	0.37	1.2
6.1	0.15	0.35	15.8
7.6	0.23	0.4	5.2
8.1	0.33	0.22	5.2
7.15	0.17	0.24	9.6
6.7	0.12	0.3	5.2
5.7	0.18	0.36	1.2
5.8	0.15	0.28	0.8
6.6	0.23	0.29	14.45
7.15	0.17	0.24	9.6
7	0.34	0.39	6.9
6.4	0.68	0.26	3.4
7.3	0.22	0.31	2.3
6.4	0.28	0.27	11
6.9	0.4	0.22	5.95
6.8	0.19	0.23	5.1
7.1	0.23	0.24	5.4
6.45	0.14	0.42	1.2
6.5	0.15	0.44	12.6
7.1	0.15	0.34	1
6.7	0.33	0.34	6.6
7.2	0.3	0.26	1.5
7	0.23	0.33	1
8	0.13	0.25	1.1
6.2	0.21	0.34	6.6
8.3	0.4	0.41	8.2
5.9	0.34	0.31	2
6.6	0.12	0.25	1.4
9.6	0.655	0.21	2
6.8	0.26	0.4	7.5
5.9	0.34	0.31	2
5.9	0.3	0.3	2
7	0.15	0.3	13.3
7.9	0.37	0.31	2.85
7.2	0.35	0.25	5.6
7.2	0.32	0.24	5.6
7.6	0.1	0.33	1
6.2	0.25	0.31	3.2
7.1	0.31	0.17	1
7.6	0.18	0.28	7.1
8	0.17	0.29	2.4
7.2	0.19	0.27	11.2
7.6	0.32	0.25	9.5
7.1	0.31	0.17	1
6.6	0.21	0.29	1.8
7	0.16	0.36	2.6
8	0.17	0.29	2.4
6.6	0.24	0.38	8
7.2	0.19	0.27	11.2
7.6	0.18	0.28	7.1
6.9	0.3	0.25	3.3
6.2	0.28	0.27	10.3
6.9	0.31	0.32	1.2
6.7	0.23	0.25	1.6
6.2	0.28	0.27	10.3
5.7	0.23	0.28	9.65
6.5	0.22	0.5	16.4
7	0.18	0.37	1.5
6.9	0.31	0.32	1.2
6.9	0.3	0.25	3.3
6.5	0.46	0.31	5
6.5	0.23	0.36	16.3
6.5	0.23	0.36	16.3
6.5	0.23	0.36	16.3
6.6	0.26	0.38	6.5
6.7	0.26	0.39	6.4
7.5	0.28	0.39	10.2
6.5	0.23	0.36	16.3
6.8	0.23	0.42	7.4
7.8	0.25	0.34	13.7
7.8	0.25	0.34	13.7
5.6	0.2	0.22	1.3
6.4	0.21	0.44	7.4
6.8	0.23	0.42	7.4
6.8	0.24	0.37	7.45
7.8	0.25	0.28	7.2
7.8	0.25	0.34	13.7
6.8	0.16	0.29	10.4
5.2	0.28	0.29	1.1
7.5	0.18	0.31	6.5
7.5	0.26	0.3	4.6
8.2	0.37	0.64	13.9
7.6	0.4	0.27	5.2
7.5	0.26	0.25	1.7
7.5	0.18	0.31	6.5
6.9	0.23	0.32	16.4
5.3	0.2	0.31	3.6
6.5	0.17	0.31	1.5
6.5	0.35	0.28	12.4
6.5	0.29	0.31	1.7
6.8	0.3	0.22	6.2
7.9	0.51	0.36	6.2
7.9	0.51	0.34	2.6
6.5	0.29	0.31	1.7
7.1	0.29	0.28	9.3
6.5	0.35	0.28	12.4
6.5	0.17	0.31	1.5
7.4	0.2	0.28	9.1
6.9	0.615	0.42	12
6.8	0.32	0.28	4.8
6.3	0.2	0.19	12.3
6.9	0.615	0.42	12
8	0.23	0.28	2.7
6.7	0.27	0.33	3.6
6.7	0.27	0.33	3.6
6.7	0.44	0.22	4.3
7	0.34	0.3	1.8
7.3	0.26	0.33	11.8
5.8	0.17	0.34	1.8
7.3	0.26	0.33	11.8
5.8	0.17	0.34	1.8
6.8	0.17	0.36	1.4
7.1	0.43	0.3	6.6
5.8	0.315	0.27	1.55
5.9	0.17	0.28	0.7
6.6	0.34	0.18	6.4
8.6	0.33	0.34	11.8
5.6	0.12	0.26	4.3
5.8	0.13	0.26	5.1
7.7	0.18	0.35	5.8
7.7	0.16	0.36	5.9
6	0.26	0.15	1.3
7.3	0.32	0.35	1.4
7.7	0.3	0.34	1.2
7.9	0.16	0.3	7.4
6.4	0.27	0.29	10.8
6.9	0.16	0.37	1.8
7.9	0.16	0.3	7.4
7.7	0.3	0.34	1.2
7.3	0.32	0.35	1.4
6.4	0.44	0.44	14.4
6.3	0.2	0.24	1.7
6.2	0.29	0.32	3.6
7.6	0.39	0.32	3.6
7	0.36	0.32	10.05
7	0.36	0.32	10.05
7	0.36	0.32	10.5
7.6	0.2	0.36	1.9
7.6	0.39	0.32	3.6
6.7	0.2	0.37	1.65
6.2	0.235	0.34	1.9
7.8	0.965	0.6	65.8
7.1	0.2	0.31	6.85
7.1	0.2	0.31	7.4
7.1	0.2	0.31	7.4
6.4	0.24	0.25	20.2
8	0.3	0.36	11
6.4	0.24	0.25	20.2
6.9	0.4	0.42	6.2
6.9	0.4	0.43	6.2
7.1	0.2	0.31	6.85
6.6	0.25	0.51	8
6.8	0.26	0.44	8.2
6.5	0.37	0.3	2.2
6.8	0.35	0.53	10.1
6.4	0.22	0.32	7.2
6.5	0.37	0.3	2.2
6.8	0.35	0.53	10.1
6.9	0.31	0.32	1.6
6.7	0.16	0.37	1.3
6.6	0.25	0.51	8
6.8	0.26	0.44	8.2
5.6	0.15	0.31	5.3
5.5	0.15	0.32	14
6.4	0.22	0.32	7.2
7.3	0.2	0.26	1.6
7.5	0.17	0.71	11.8
7.5	0.18	0.72	9.6
7	0.27	0.48	6.1
5.8	0.32	0.31	2.7
7.8	0.26	0.31	3.6
7.4	0.3	0.32	1.7
6.7	0.16	0.34	1.6
5.8	0.32	0.31	2.7
6.7	0.19	0.39	1
6.6	0.36	0.24	0.9
7.2	0.17	0.41	1.6
6.7	0.19	0.39	1
6	0.11	0.47	10.6
6	0.21	0.34	2
6.7	0.325	0.82	1.2
6.6	0.4	0.46	6.2
6.5	0.2	0.24	9.2
7.6	0.27	0.34	5
7.2	0.26	0.4	6.3
6.3	0.25	0.22	3.3
6.5	0.22	0.45	8
6.4	0.14	0.31	1.2
6.4	0.14	0.31	1.2
7.1	0.26	0.32	16.2
6.6	0.22	0.34	11.6
6.6	0.45	0.43	7.2
6.6	0.17	0.3	1.1
7.2	0.44	0.28	3.4
6.2	0.15	0.27	1.4
6.3	0.25	0.22	3.3
6.5	0.22	0.45	8
7.3	0.26	0.3	9.3
6.9	0.15	0.29	2.3
5.8	0.22	0.29	0.9
6.5	0.37	0.33	3.5
5.5	0.375	0.38	1.7
5.9	0.2	0.4	1.3
5.9	0.22	0.38	1.3
8	0.22	0.31	5.6
6.5	0.22	0.29	7.4
6.9	0.15	0.29	2.3
5.8	0.2	0.34	1
6.6	0.31	0.07	1.5
7.7	0.43	0.37	10
6.7	0.24	0.29	14.9
7.3	0.23	0.34	9.3
7.9	0.2	0.39	1
5.3	0.16	0.39	1
6.4	0.21	0.28	5.9
6.9	0.33	0.26	5
5.6	0.18	0.58	1.25
6.6	0.29	0.31	3.9
6.9	0.33	0.26	5
6.6	0.21	0.36	0.8
7.3	0.21	0.33	1
6.4	0.21	0.28	5.9
5.1	0.11	0.32	1.6
6.5	0.15	0.32	1.3
5.3	0.16	0.39	1
5.6	0.19	0.46	1.1
5.6	0.18	0.58	1.25
6.7	0.48	0.32	1.4
6.2	0.23	0.23	1.2
6	0.17	0.29	5
6.7	0.48	0.32	1.4
6.7	0.15	0.38	1.7
4.2	0.17	0.36	1.8
5.8	0.21	0.32	1.6
5.4	0.23	0.36	1.5
6.7	0.15	0.38	1.7
6.4	0.22	0.31	13.9
6.5	0.15	0.55	5.9
5.9	0.32	0.33	2.1
5.7	0.37	0.3	1.1
7.9	0.25	0.35	6.7
7.2	0.21	0.28	2.7
7	0.24	0.3	6.7
6.8	0.475	0.33	3.95
7	0.28	0.32	7.75
6.9	0.4	0.3	10.6
6.6	0.41	0.31	1.6
6.4	0.2	0.28	2.5
8.5	0.22	0.34	0.7
8.4	0.36	0.36	11.1
5.2	0.285	0.29	5.15
6.9	0.2	0.3	4.7
6.7	0.42	0.46	9.7
6.2	0.16	0.34	1.7
6.4	0.125	0.36	1.4
6.4	0.44	0.26	2
7	0.31	0.39	7.5
6.7	0.42	0.46	9.7
8.6	0.18	0.28	0.8
6.2	0.21	0.26	13.1
6.1	0.16	0.37	1.1
6.5	0.22	0.32	2.2
6.2	0.36	0.14	8.9
5.7	0.21	0.25	1.1
6.4	0.25	0.32	0.9
7.6	0.31	0.26	1.7
6.6	0.26	0.46	6.9
5.7	0.21	0.25	1.1
6.2	0.2	0.31	1
6.2	0.18	0.3	1
6.1	0.37	0.2	7.6
6.2	0.36	0.14	8.9
6.5	0.22	0.32	2.2
7.7	0.18	0.3	1.2
6.9	0.14	0.38	1
6.9	0.14	0.38	1
6	0.44	0.26	3.1
7.1	0.36	0.4	1.95
5.7	0.28	0.28	2.2
6.4	0.16	0.32	8.75
7.4	0.28	0.4	11.9
6.7	0.39	0.31	2.7
6.5	0.44	0.47	5.45
6.9	0.22	0.31	6.3
6.6	0.22	0.29	14.4
7.7	0.25	0.3	7.8
5.2	0.155	0.33	1.6
7	0.31	0.31	9.1
7	0.31	0.31	9.1
6.6	0.22	0.29	14.4
5.6	0.21	0.4	1.3
5.2	0.155	0.33	1.6
6.4	0.25	0.32	11.3
6.9	0.22	0.31	6.3
5.3	0.21	0.29	0.7
7.1	0.27	0.28	1.25
5.2	0.17	0.27	0.7
7.7	0.25	0.3	7.8
7	0.12	0.29	10.3
7	0.12	0.29	10.3
7.1	0.29	0.34	7.8
7.2	0.3	0.3	8.7
6.8	0.26	0.46	8.3
7	0.12	0.29	10.3
7.1	0.29	0.34	7.8
4.9	0.33	0.31	1.2
5.1	0.29	0.28	8.3
5.1	0.29	0.28	8.3
6.8	0.26	0.48	6.2
6	0.28	0.52	5
6	0.28	0.25	1.8
7.2	0.2	0.22	1.6
6.1	0.27	0.25	1.8
6	0.28	0.25	1.8
6.4	0.29	0.3	2.9
7.4	0.35	0.24	6
8.1	0.12	0.38	0.9
6.4	0.12	0.3	1.1
7.2	0.2	0.22	1.6
7.3	0.4	0.26	5.45
7.7	0.11	0.34	14.05
6.9	0.23	0.41	8
6.9	0.38	0.38	13.1
7.5	0.38	0.29	4.9
5.8	0.19	0.24	1.3
5.5	0.34	0.26	2.2
6.6	0.23	0.3	14.9
6.6	0.23	0.3	14.9
8.4	0.31	0.31	0.95
6.7	0.2	0.3	1.4
8.4	0.31	0.31	0.95
7.3	0.26	0.24	1.7
6.3	0.22	0.22	5.6
6.6	0.23	0.3	14.9
7.5	0.19	0.4	7.1
8	0.14	0.33	1.2
6.8	0.32	0.39	9.6
6.6	0.23	0.2	11.4
6.6	0.23	0.2	11.4
6.7	0.36	0.26	7.9
6.1	0.38	0.42	5
8.5	0.23	0.28	11.1
7	0.2	0.31	8
6	0.26	0.32	3.8
6.9	0.3	0.3	10.55
6.7	0.18	0.28	10.2
6.7	0.18	0.28	10.2
6.8	0.18	0.28	9.8
7.2	0.19	0.31	6.3
6.2	0.16	0.32	1.1
5	0.27	0.32	4.5
6.3	0.37	0.28	6.3
6.6	0.2	0.27	10.9
6.8	0.18	0.28	9.8
6.8	0.18	0.28	9.8
6.6	0.28	0.34	0.8
6.5	0.35	0.36	0.8
6.9	0.25	0.33	1.2
6	0.32	0.3	1.3
6.8	0.18	0.28	9.8
6.7	0.18	0.28	10.2
6.6	0.2	0.27	10.9
6.3	0.37	0.28	6.3
7.2	0.19	0.31	6.3
6.3	0.18	0.36	1.2
6.9	0.3	0.36	0.9
6.2	0.16	0.32	1.1
5	0.27	0.32	4.5
5	0.3	0.33	3.7
6.5	0.2	0.5	18.1
6.7	0.25	0.31	1.35
6.6	0.22	0.36	5.5
6.8	0.25	0.37	3.1
7	0.13	0.37	12.85
7	0.45	0.34	19.8
7.2	0.32	0.3	8.25
7	0.13	0.37	12.85
5.9	0.34	0.3	3.8
6.8	0.22	0.31	6.9
7.2	0.32	0.3	8.25
8.4	0.32	0.35	11.7
6.8	0.27	0.29	4.6
8	0.74	0.21	4
7	0.45	0.34	19.8
7	0.13	0.37	12.85
5.4	0.22	0.29	1.2
8.4	0.22	0.3	8.9
7.4	0.32	0.22	11.7
7.5	0.18	0.37	6.2
7.1	0.47	0.29	14.8
7.1	0.47	0.29	14.8
5.8	0.19	0.25	10.8
6.7	0.14	0.46	1.6
6.8	0.24	0.38	8.3
6.9	0.25	0.47	8.4
6	0.24	0.33	2.5
6.8	0.29	0.34	3.5
6.3	0.33	0.42	17.2
6.5	0.23	0.45	2.1
6.3	0.27	0.29	12.2
6.3	0.2	0.37	11.8
6.2	0.33	0.41	16.8
6.3	0.33	0.42	17.2
7.2	0.21	1	1.1
6	0.27	0.3	14.7
5.7	0.12	0.26	5.5
6.9	0.24	0.37	6.1
7.7	0.18	0.53	1.2
7.1	0.17	0.43	1.3
7.5	0.33	0.38	8.7
6.2	0.255	0.24	1.7
7.5	0.33	0.38	8.7
5.6	0.2	0.66	10.2
7.6	0.17	0.36	4.5
5.8	0.15	0.31	5.9
6.3	0.25	0.44	1.7
6.9	0.28	0.41	1.4
7.2	0.27	0.37	5.4
6.2	0.25	0.38	7.9
8.5	0.19	0.48	1.1
6.2	0.25	0.54	7
6.2	0.25	0.54	7
6.8	0.28	0.43	7.6
6.2	0.25	0.54	7
7.4	0.21	0.8	12.3
7	0.15	0.38	15.3
7.4	0.21	0.8	12.3
7.3	0.28	0.42	1.2
6.1	0.18	0.38	2.3
7	0.53	0.43	6.1
6.8	0.28	0.43	7.6
6.5	0.36	0.38	10.2
7.5	0.25	0.47	4.1
6.7	0.24	0.41	2.9
6.6	0.25	0.33	8.5
6.4	0.15	0.4	1.5
6.3	0.28	0.3	3.1
6.2	0.25	0.38	7.9
7.1	0.28	0.35	3.5
6.6	0.35	0.34	4.9
8.5	0.19	0.48	1.1
6.2	0.25	0.54	7
6	0.35	0.51	1.2
5.8	0.31	0.32	4.5
6.6	0.17	0.35	2.6
8.5	0.23	0.4	9.9
5.8	0.31	0.32	4.5
6.1	0.2	0.34	9.5
6.3	0.37	0.37	1.5
6.2	0.36	0.38	3.2
6.6	0.17	0.35	2.6
6.3	0.28	0.47	11.2
7.6	0.27	0.52	3.2
7	0.25	0.45	2.3
9.7	0.24	0.49	4.9
9.7	0.24	0.49	4.9
6.8	0.13	0.39	1.4
6.6	0.78	0.5	1.5
5.1	0.33	0.27	6.7
6.7	0.34	0.4	2.1
6.7	0.14	0.51	4.3
7	0.26	0.34	10.9
6.5	0.29	0.26	7
7	0.25	0.45	2.3
7.6	0.21	0.49	2.5
7.7	0.26	0.51	2.6
7.6	0.27	0.52	3.2
7.7	0.25	0.49	2.5
7.6	0.35	0.46	14.7
6.9	0.3	0.36	4.5
6.7	0.24	0.46	2.2
6.5	0.23	0.39	1.9
7.6	0.23	0.34	1.6
6.5	0.24	0.39	17.3
6.3	0.17	0.32	4.2
6.3	0.17	0.32	4.2
6.7	0.21	0.37	2.5
6.5	0.23	0.39	1.9
5.9	0.28	0.39	1.4
5.9	0.19	0.37	0.8
6.2	0.25	0.42	8
7.6	0.23	0.34	1.6
5.6	0.18	0.27	1.7
5.5	0.18	0.22	5.5
6.5	0.24	0.39	17.3
7.4	0.23	0.38	8.6
7.2	0.17	0.37	6.9
7.6	0.3	0.38	2.1
5	0.24	0.21	2.2
6.1	0.21	0.38	1.5
6.5	0.33	0.38	2.5
6.3	0.35	0.26	17.6
6.3	0.17	0.32	4.2
6.6	0.25	0.35	2.9
6.5	0.16	0.33	4.8
6.6	0.39	0.39	11.9
5.6	0.19	0.27	0.9
6.2	0.25	0.39	1.3
6.9	0.22	0.43	6.4
6.2	0.19	0.29	4.3
6.6	0.39	0.39	11.9
5.9	0.33	0.32	8.1
7.8	0.17	0.5	1.3
5.5	0.19	0.27	0.9
6.2	0.23	0.36	17.2
6.2	0.23	0.36	17.2
6.2	0.23	0.36	17.2
7.2	0.32	0.4	8.7
6.2	0.23	0.36	17.2
7.2	0.32	0.4	8.7
5.8	0.39	0.47	7.5
6.2	0.23	0.36	17.2
7.6	0.25	1.23	4.6
5.8	0.29	0.33	3.7
7.2	0.4	0.38	2.2
6.8	0.39	0.34	7.4
6.1	0.17	0.42	15.1
6.8	0.39	0.34	7.4
7.1	0.36	0.37	4.8
6.9	0.19	0.32	7.9
6.5	0.34	0.46	1
6.1	0.17	0.42	15.1
6.8	0.39	0.34	7.4
7.1	0.36	0.37	4.8
7.8	0.3	0.36	4.6
6.1	0.68	0.52	1.4
5.2	0.34	0.37	6.2
5.6	0.28	0.4	6.1
6.2	0.19	0.38	5.1
5.7	0.16	0.26	6.3
7.6	0.17	0.46	0.9
7.3	0.2	0.39	2.3
6.7	0.33	0.36	6.6
6.7	0.33	0.34	7.5
6.9	0.36	0.35	8.6
7.8	0.21	0.34	11.9
7.3	0.2	0.39	2.3
5.6	0.41	0.22	7.1
7.6	0.15	0.35	4.3
8.5	0.2	0.4	1.1
6.5	0.24	0.38	1
8.3	0.16	0.37	7.9
5.5	0.12	0.33	1
6.5	0.24	0.38	1
6.2	0.1	0.41	1
6.5	0.21	0.4	7.3
8.7	0.3	0.59	1.7
6.7	0.18	0.37	1.3
7	0.17	0.36	6.4
6.6	0.19	0.33	1.8
5.8	0.28	0.3	1.5
7.6	0.24	0.44	3.8
8.3	0.16	0.37	7.9
5.5	0.12	0.33	1
5.7	0.16	0.32	1.2
7	0.21	0.42	5.3
6.4	0.22	0.38	9.1
7.9	0.34	0.44	6.5
6.4	0.22	0.38	9.1
6.8	0.21	0.4	6.3
5.2	0.31	0.36	5.1
7.9	0.34	0.44	6.5
5.6	0.42	0.34	2.4
6.4	0.22	0.38	9.1
6.8	0.28	0.34	7.5
6.8	0.45	0.36	5
6.6	0.29	0.39	6.75
6.8	0.21	0.42	1.2
6.8	0.25	0.24	1.6
6.4	0.21	0.34	16.05
5.8	0.33	0.23	5
8.2	0.3	0.44	12.4
6.4	0.24	0.32	0.95
7.5	0.18	0.45	4.6
5.2	0.335	0.2	1.7
7.1	0.14	0.33	1
7.2	0.13	0.46	1.3
5.8	0.33	0.23	5
6.5	0.29	0.25	2.5
6.2	0.35	0.31	2.6
9	0.38	0.53	2.1
6.6	0.24	0.38	12.75
6.6	0.16	0.34	1.1
8.2	0.3	0.44	12.4
5.7	0.15	0.28	3.7
6.6	0.33	0.4	2.65
5.7	0.2	0.3	2.5
6.8	0.27	0.37	8.2
6.8	0.27	0.42	7.3
6.2	0.2	0.26	1.1
6.7	0.13	0.57	6.6
6.8	0.21	0.37	7
6.7	0.31	0.32	14.5
6.2	0.2	0.29	11.8
6.6	0.25	0.34	3
5.7	0.15	0.28	3.7
6.9	0.22	0.39	6
6.4	0.23	0.35	4.6
7.6	0.27	0.29	2.5
6.6	0.34	0.24	3.3
6.4	0.16	0.42	1
5.8	0.3	0.42	1.1
7	0.29	0.35	1.4
6.6	0.34	0.24	3.3
6.7	0.21	0.36	8.55
7.6	0.27	0.29	2.5
6.8	0.22	0.41	6.7
7.7	0.27	0.49	3.8
6.4	0.25	0.37	4.5
6.4	0.23	0.35	4.6
6.7	0.13	0.45	4.2
6.7	0.24	0.37	11.3
7.1	0.26	0.37	5.5
5.3	0.3	0.16	4.2
7.1	0.38	0.4	2.2
7.4	0.19	0.31	14.5
7.4	0.19	0.31	14.5
7.4	0.19	0.31	14.5
7.4	0.19	0.31	14.5
7.4	0.19	0.31	14.5
7.4	0.19	0.31	14.5
6.3	0.32	0.32	1.5
7.6	0.19	0.32	18.75
6.5	0.26	0.31	3.6
5.9	0.24	0.12	1.4
4.2	0.215	0.23	5.1
8.1	0.24	0.32	10.5
5.8	0.23	0.2	2
7.5	0.33	0.36	2.6
6.6	0.38	0.36	9.2
6.4	0.15	0.29	1.8
6.5	0.32	0.34	5.7
7.5	0.22	0.32	2.4
6.4	0.23	0.32	1.9
6.1	0.22	0.31	1.4
6.5	0.48	0.02	0.9
6.6	0.23	0.3	4.6
6.4	0.16	0.25	1.4
6.6	0.38	0.36	9.2
7.4	0.16	0.32	1.4
6.4	0.15	0.29	1.8
6.5	0.32	0.3	2.3
6.7	0.12	0.36	2.3
6.6	0.2	0.14	4.4
8	0.34	0.25	6.4
6.8	0.21	0.31	2.9
6.8	0.23	0.31	2.8
6.8	0.21	0.31	2.9
6.6	0.2	0.14	4.4
6.6	0.28	0.42	8.2
7.8	0.25	0.37	1
5.6	0.12	0.33	2.9
6.6	0.28	0.41	7
6.8	0.17	0.35	1.8
7.3	0.25	0.28	1.5
6.6	0.28	0.41	7
6.6	0.28	0.42	8.2
6.5	0.25	0.5	7.6
6.3	0.24	0.35	2.3
6.8	0.32	0.32	8.7
7.8	0.25	0.37	1
5.6	0.12	0.33	2.9
6.6	0.24	0.28	6.7
6.3	0.22	0.34	5
6	0.32	0.3	1.9
6.3	0.19	0.29	2
6	0.32	0.3	1.9
9.4	0.24	0.29	8.5
6.4	0.35	0.28	12.6
6.7	0.46	0.27	5.2
6.3	0.3	0.29	2.1
6	0.19	0.29	1.1
5.9	0.24	0.28	1.3
7.3	0.145	0.33	1.1
6.6	0.435	0.38	9.2
5.8	0.18	0.37	1.2
5.8	0.18	0.37	1.1
5.6	0.32	0.32	8.3
6.6	0.16	0.35	1.8
5.1	0.21	0.28	1.4
7.5	0.29	0.36	15.7
6	0.26	0.33	4.35
5.7	0.26	0.3	1.8
7.1	0.17	0.31	1.6
6.9	0.17	0.3	2
6.8	0.25	0.28	5
6.6	0.17	0.28	1.8
5.8	0.17	0.36	1.3
6.4	0.24	0.29	1
6.7	0.21	0.34	1.4
6.7	0.23	0.33	8.1
6.8	0.23	0.32	8.6
6.5	0.22	0.28	3.7
5.1	0.165	0.22	5.7
6.6	0.425	0.25	2.35
6.9	0.38	0.29	13.65
6.9	0.38	0.29	13.65
6.9	0.38	0.29	13.65
7.2	0.27	0.28	15.2
7.6	0.17	0.27	4.6
6.2	0.3	0.31	1.2
7.6	0.17	0.27	4.6
6.5	0.26	0.32	6.65
6.9	0.36	0.28	13.55
6.9	0.38	0.29	13.65
6.8	0.18	0.24	9.8
6.7	0.18	0.24	10.3
6.6	0.16	0.21	6.7
7.2	0.27	0.28	15.2
6.4	0.17	0.27	9.9
7.2	0.22	0.28	7.2
6	0.22	0.28	1.1
6.7	0.36	0.28	8.3
6.5	0.43	0.28	11.25
5.9	0.2	0.28	12.8
5.3	0.32	0.23	9.65
6.8	0.2	0.28	12.6
6	0.22	0.33	12.2
6.7	0.36	0.28	8.3
6.5	0.43	0.28	11.25
7.1	0.18	0.49	1.3
6.4	0.17	0.27	9.9
7.2	0.22	0.28	7.2
6	0.22	0.28	1.1
6	0.2	0.26	1.1
7.6	0.2	0.26	4.8
6.2	0.3	0.21	1.1
6	0.29	0.25	1.4
6.6	0.18	0.28	1.7
7	0.22	0.28	10.6
6	0.29	0.25	1.4
6.2	0.3	0.21	1.1
5.6	0.15	0.26	5.55
6.9	0.28	0.24	2.1
5.9	0.19	0.21	1.7
7.8	0.22	0.26	9
6.6	0.18	0.28	1.7
7	0.4	0.25	1.8
6.1	0.28	0.27	4.7
7.6	0.36	0.49	11.3
6.5	0.28	0.34	3.6
6.9	0.19	0.35	6.9
6.5	0.28	0.34	3.6
6.4	0.22	0.32	4.9
6.8	0.23	0.3	6.95
6.4	0.32	0.31	1.9
6.1	0.28	0.27	4.7
7.6	0.36	0.49	11.3
8.8	0.39	0.35	1.8
6.6	0.24	0.3	11.3
6.9	0.29	0.3	8.2
6.9	0.28	0.3	8.3
6.7	0.38	0.26	9.55
8	0.28	0.3	8.4
6.5	0.25	0.45	7.8
6.6	0.26	0.46	7.8
7.4	0.29	0.28	10.2
6.3	0.19	0.29	5.5
6.1	0.33	0.32	7.8
5.6	0.32	0.33	7.4
7.7	0.46	0.18	3.3
8.8	0.19	0.3	5
7.7	0.46	0.18	3.3
8.8	0.27	0.25	5
5.8	0.18	0.28	1.3
5.8	0.15	0.32	1.2
5.6	0.32	0.33	7.4
6.1	0.33	0.32	7.8
7.1	0.32	0.3	9.9
6.2	0.23	0.35	0.7
8.9	0.3	0.35	4.6
6	0.14	0.17	5.6
6.8	0.24	0.29	9.5
6.7	0.21	0.48	14.8
8.9	0.3	0.35	4.6
6.1	0.3	0.3	2.1
7.2	0.37	0.4	11.6
6.7	0.64	0.3	1.2
7.2	0.37	0.4	11.6
6.1	0.3	0.3	2.1
7.6	0.28	0.49	20.15
6.3	0.29	0.28	4.7
6.2	0.28	0.28	4.3
7.1	0.18	0.39	14.5
6.4	0.32	0.27	4.9
7.1	0.17	0.4	14.55
7.1	0.17	0.4	14.55
5.8	0.24	0.26	10.05
6.4	0.32	0.27	4.9
7.1	0.18	0.39	14.5
7.1	0.17	0.4	14.55
7.1	0.18	0.39	15.25
7.8	0.29	0.29	3.15
6.2	0.255	0.27	1.3
8.2	0.34	0.29	5.2
6.5	0.24	0.28	1.1
6.9	0.24	0.23	7.1
6.7	0.4	0.22	8.8
6.7	0.3	0.44	18.5
6.7	0.4	0.22	8.8
6.8	0.17	0.32	1.4
7.1	0.25	0.28	1.2
5.9	0.27	0.27	5
6	0.16	0.22	1.6
6.7	0.3	0.44	18.75
6.6	0.15	0.32	6
7.3	0.34	0.3	9.4
6	0.17	0.29	9.7
6.7	0.47	0.29	4.75
6.6	0.15	0.32	6
6.6	0.21	0.29	5.35
6.6	0.21	0.29	5.35
8	0.24	0.48	6.8
5.6	0.34	0.3	6.9
5.8	0.54	0	1.4
7.3	0.23	0.24	0.9
6	0.39	0.13	1.2
6.1	0.105	0.31	1.3
5.8	0.32	0.2	2.6
7.6	0.22	0.28	12
6.8	0.19	0.4	9.85
6.7	0.24	0.3	3.85
6.8	0.17	0.34	2
6.2	0.3	0.31	1.6
6.9	0.29	0.41	7.8
6.8	0.19	0.34	1.9
6.8	0.17	0.34	2
6.6	0.24	0.27	10.3
6.6	0.16	0.36	1.1
7.6	0.22	0.28	12
6.7	0.24	0.3	3.85
6.8	0.19	0.4	9.85
6.7	0.16	0.36	2
6.5	0.3	0.27	4
6.5	0.22	0.19	1.1
6.2	0.36	0.45	10.4
6.2	0.37	0.24	6.1
7.6	0.31	0.24	1.8
6.2	0.36	0.45	10.4
5.9	0.32	0.28	4.7
6.5	0.3	0.27	4
5.8	0.22	0.3	1.1
5.4	0.45	0.27	6.4
6.1	0.36	0.26	8.15
6.2	0.37	0.24	6.1
7.5	0.21	0.32	4.8
6.9	0.28	0.33	1.2
6.5	0.22	0.19	1.1
7.8	0.2	0.2	1.4
6.7	0.28	0.31	7.4
7.6	0.31	0.24	1.8
8	0.2	0.44	1
6	0.28	0.27	15.5
6	0.28	0.27	15.5
6.7	0.24	0.36	8.4
6.3	0.22	0.28	2.4
6	0.24	0.28	3.95
7.7	0.43	1	19.95
6.4	0.3	0.36	2
6.1	0.33	0.3	3
6	0.28	0.27	15.5
6.7	0.24	0.36	8.4
6.7	0.29	0.45	14.3
6.9	0.33	0.31	4.2
6.5	0.16	0.34	1.4
6	0.2	0.32	3
7.5	0.33	0.28	4.9
7.1	0.36	0.28	2.4
6.7	0.29	0.45	14.3
6.4	0.26	0.25	10.7
7	0.22	0.24	11
6.5	0.19	0.28	1.4
6.3	0.21	0.31	1.2
7.9	0.35	0.28	12.9
7.7	0.38	0.23	10.8
6.8	0.19	0.33	1.3
7.2	0.33	0.34	2
6.6	0.29	0.29	1.8
7.5	0.2	0.41	1.2
6.9	0.33	0.62	7.5
6	0.23	0.15	9.7
5.9	0.23	0.24	3.8
6.6	0.32	0.41	7.2
6	0.23	0.15	9.7
5.3	0.36	0.27	6.3
5.3	0.36	0.27	6.3
8.9	0.27	0.28	0.8
7.6	0.23	0.29	8.6
6.9	0.75	0.13	6.3
7.1	0.35	0.27	3.1
7.2	0.31	0.35	7.2
6.4	0.28	0.44	7.1
7.2	0.23	0.46	6.4
6.6	0.22	0.3	14.7
7.2	0.31	0.35	7.2
6.4	0.28	0.44	7.1
7.2	0.24	0.28	1.9
6.2	0.27	0.47	1.2
6.5	0.28	0.25	4.8
7.2	0.27	0.31	1.2
7.8	0.28	0.25	3.4
8.1	0.26	0.27	4.3
6.6	0.23	0.37	8.5
6	0.33	0.2	1.8
6	0.33	0.2	1.8
7.3	0.2	0.29	19.5
6.6	0.23	0.37	8.5
7.3	0.2	0.29	19.9
6.2	0.47	0.19	8.3
6	0.33	0.2	1.8
7.2	0.14	0.32	1.1
5.7	0.22	0.22	16.65
5.7	0.22	0.22	16.65
5.7	0.22	0.22	16.65
8.1	0.2	0.28	0.9
5.8	0.14	0.15	6.1
4.8	0.21	0.21	10.2
8.1	0.2	0.28	0.9
5.7	0.22	0.22	16.65
7.5	0.34	0.24	3.85
6.6	0.64	0.28	4.4
7	0.48	0.12	4.5
7.6	0.37	0.34	3.2
7	0.48	0.12	4.5
6.6	0.64	0.28	4.4
8	0.25	0.27	9.7
7.6	0.38	0.28	4.2
6.9	0.26	0.27	4.2
7.8	0.15	0.34	1.1
8	0.25	0.27	9.7
6.9	0.26	0.27	4.2
5.9	0.655	0	5.6
7.6	0.38	0.28	4.2
7.8	0.31	0.4	1.6
8.1	0.17	0.21	1.6
6.8	0.18	0.28	1.1
7.4	0.28	0.36	14.6
7.3	0.23	0.27	2.6
6.7	0.22	0.22	1.2
7.4	0.25	0.28	7.25
7.5	0.3	0.21	6.55
7.2	0.26	0.24	7
6.3	0.32	0.32	1.5
7.7	0.24	0.3	1.4
7.4	0.25	0.28	7.25
7	0.24	0.35	1
5.8	0.28	0.28	4.2
6.8	0.19	0.71	17.5
6.8	0.19	0.71	17.5
6.8	0.19	0.71	17.5
6.6	0.19	0.35	1.5
6.4	0.28	0.36	1.3
5.6	0.28	0.27	3.9
5.6	0.28	0.28	4.2
6.8	0.19	0.32	7.6
7.2	0.16	0.29	1
6.6	0.17	0.28	1.1
6.6	0.19	0.28	11.8
5.8	0.2	0.24	1.4
6.6	0.39	0.38	9.7
6.8	0.12	0.3	12.9
6.6	0.295	0.24	1.6
6.6	0.26	0.24	7.2
7	0.32	0.27	7.1
7.4	0.36	0.23	1.9
6.7	0.35	0.48	8.8
6.4	0.38	0.24	7.2
6.8	0.14	0.18	1.4
7	0.16	0.25	14.3
7	0.16	0.25	14.3
6.7	0.35	0.48	8.8
6.8	0.14	0.18	1.4
6.8	0.16	0.18	1.8
7	0.16	0.25	14.3
6.4	0.38	0.24	7.2
7.2	0.24	0.3	1.2
7.7	0.32	0.61	11.8
7	0.29	0.33	0.9
7.1	0.27	0.24	12.6
6.8	0.45	0.28	26.05
6.3	0.2	0.26	4.7
7.1	0.27	0.24	12.6
7.2	0.24	0.3	1.2
6.8	0.45	0.28	26.05
6.6	0.36	0.28	6.1
7.7	0.32	0.61	11.8
7	0.29	0.33	0.9
6.4	0.37	0.2	5.6
6.4	0.38	0.2	5.3
6.4	0.36	0.2	5.7
6.6	0.3	0.25	8
6.6	0.3	0.25	8
6.5	0.21	0.51	17.6
6.6	0.3	0.25	8
7.6	0.31	0.27	8.8
5.8	0.58	0	1.5
6.5	0.26	0.39	1.4
8.7	0.3	0.34	4.8
6.4	0.29	0.32	2.4
6.7	0.13	0.32	3.7
6.8	0.19	0.33	4.9
6	0.25	0.4	5.7
6	0.25	0.4	5.7
6.8	0.19	0.33	4.9
6.4	0.24	0.23	2
5.9	0.18	0.28	5.1
7.2	0.33	0.22	4.5
6.4	0.29	0.24	3.2
7.3	0.31	0.25	6.65
7	0.29	0.37	1.6
6.9	0.19	0.6	4
6.3	0.32	0.17	17.75
6.6	0.085	0.33	1.4
6.3	0.32	0.17	17.75
6.8	0.18	0.32	7.2
6.8	0.52	0.26	5.7
7.1	0.28	0.28	8.5
5.7	0.15	0.47	11.4
5.8	0.275	0.3	5.4
5.4	0.53	0.16	2.7
5.8	0.32	0.28	4.3
6.7	0.22	0.39	1.2
6.1	0.6	0.12	1.8
6.5	0.26	0.31	1.3
5	0.29	0.54	5.7
5.4	0.53	0.16	2.7
6.8	0.21	0.26	11.7
5.8	0.32	0.28	4.3
6.5	0.27	0.26	11
5.9	0.37	0.32	1.6
6.2	0.21	0.18	11.6
6.8	0.3	0.29	6.2
7.3	0.41	0.29	1.8
5.4	0.3	0.3	1.2
6.6	0.34	0.2	1
5.6	0.25	0.19	2.4
5.3	0.3	0.3	1.2
6.9	0.58	0.58	8.2
7.2	0.23	0.25	18.8
7.1	0.2	0.27	9.6
6.8	0.15	0.41	12.9
7	0.22	0.26	9.2
6.4	0.16	0.44	1.2
6.8	0.15	0.41	12.9
6.8	0.31	0.3	8
6.8	0.15	0.41	12.9
7.6	0.3	0.37	1.6
6	0.16	0.27	12
7.1	0.21	0.35	2.5
7	0.22	0.26	9.2
5.6	0.21	0.24	4.4
7.4	0.22	0.26	8.8
7.1	0.2	0.27	9.6
6.8	0.31	0.3	8
7.2	0.23	0.25	18.8
6.4	0.15	0.4	1.3
6.4	0.16	0.44	1.2
6.8	0.15	0.41	12.9
6.3	0.22	0.34	1.2
7.6	0.3	0.37	1.6
7	0.3	0.27	1.5
6.6	0.26	0.22	18.15
7.5	0.24	0.31	13.1
7.5	0.24	0.31	13.1
7.5	0.24	0.31	13.1
7.5	0.24	0.31	13.1
6.6	0.15	0.34	1
6.7	0.34	0.43	1.6
7.7	0.35	0.46	11.8
6.7	0.31	0.09	1.4
4.7	0.67	0.09	1
7.5	0.24	0.31	13.1
6.3	0.2	0.18	10.6
6.6	0.28	0.23	10.4
8.5	0.18	0.3	1.1
6.5	0.35	0.38	7.4
6.8	0.22	0.26	1.2
6.3	0.18	0.24	3.4
6.6	0.26	0.22	18.15
6.6	0.3	0.45	8
6.3	0.34	0.27	2.5
7.7	0.3	0.23	2
7.7	0.31	0.23	2
5.7	0.265	0.28	6.9
5.4	0.255	0.33	1.2
6.6	0.26	0.28	9.4
4.8	0.17	0.28	2.9
5.7	0.265	0.28	6.9
6.2	0.2	0.33	5.4
7.5	0.28	0.41	1.3
6.2	0.22	0.2	20.8
7	0.34	0.26	10.3
7.5	0.28	0.41	1.3
6.5	0.19	0.34	1.6
6	0.21	0.29	13.1
6.1	0.22	0.46	1.8
6.5	0.32	0.48	8
7.1	0.21	0.72	1.6
5.6	0.26	0.18	1.4
7	0.15	0.28	14.7
7	0.15	0.28	14.7
7	0.15	0.28	14.7
7	0.15	0.28	14.7
7	0.15	0.28	14.7
7	0.15	0.28	14.7
7	0.15	0.28	14.7
7.4	0.27	0.28	1.8
6.8	0.22	0.3	10.6
6.2	0.24	0.25	12.5
6.3	0.28	0.29	6.8
7	0.15	0.28	14.7
5.5	0.17	0.23	2.9
6.5	0.26	0.34	1.4
6.6	0.27	0.33	1.4
5.4	0.46	0.15	2.1
7.8	0.19	0.32	7.4
5.5	0.17	0.23	2.9
6.5	0.26	0.34	1.4
6.6	0.27	0.33	1.4
7.8	0.19	0.32	7.4
7.8	0.2	0.32	5
6.1	0.17	0.28	2.5
7.4	0.2	0.35	6.1
6.7	0.39	0.24	2.7
5.4	0.46	0.15	2.1
6.9	0.4	0.17	12.9
6.9	0.4	0.17	12.9
6.9	0.4	0.17	12.9
6.3	0.24	0.29	13.7
6.9	0.4	0.17	12.9
7.4	0.27	0.31	2.4
6.1	0.27	0.28	9.8
6.3	0.24	0.29	13.7
5	0.61	0.12	1.3
6.7	0.42	0.39	12.1
6.5	0.33	0.28	6.1
6.9	0.33	0.31	7.7
6.5	0.33	0.28	6.1
6.3	0.15	0.3	1.4
6.5	0.32	0.45	7.7
6.7	0.42	0.39	12.1
7.4	0.25	0.29	6.8
7.6	0.27	0.3	9.2
6.4	0.27	0.45	8.3
6.5	0.25	0.27	17.4
5.6	0.19	0.31	2.7
7.4	0.29	0.48	12.8
6.4	0.34	0.44	8.2
6.6	0.27	0.52	8.1
6.6	0.26	0.52	8.2
6.4	0.27	0.45	8.3
6.5	0.26	0.5	8
6.8	0.25	0.3	11.8
6.3	0.32	0.26	12
5.5	0.24	0.45	1.7
6.5	0.25	0.27	17.4
6.6	0.13	0.29	13.9
7	0.39	0.21	10.7
7.9	0.21	0.39	2
7	0.3	0.28	2.2
8.1	0.2	0.3	1.3
8.3	0.18	0.3	1.1
7.9	0.21	0.39	2
7.2	0.17	0.34	6.4
8.1	0.2	0.3	1.3
8.3	0.18	0.3	1.1
7	0.39	0.21	10.7
6.8	0.21	0.62	6.4
6.9	0.21	0.62	6.3
7.2	0.17	0.34	6.4
6.8	0.26	0.34	15.1
7.2	0.28	0.38	2
7.9	0.21	0.39	2
7	0.3	0.28	2.2
7.4	0.34	0.28	12.1
6.3	0.43	0.32	8.8
6.8	0.41	0.3	8.8
6.3	0.4	0.24	5.1
5.1	0.35	0.26	6.8
5.1	0.35	0.26	6.8
6.3	0.3	0.2	3.7
6.9	0.28	0.28	12.2
7	0.33	0.28	5.7
6.7	0.26	0.49	8.1
7.3	0.24	0.3	2.5
6.7	0.46	0.21	4
5.1	0.35	0.26	6.8
5.1	0.23	0.18	1
6.3	0.4	0.24	5.1
7.1	0.44	0.23	5.8
4.8	0.26	0.23	10.6
6.8	0.31	0.19	3.5
6.8	0.31	0.19	3.5
7	0.15	0.29	16.4
6.5	0.41	0.22	4.8
6.2	0.31	0.23	3.3
8	0.27	0.33	1.2
8	0.27	0.33	1.2
6.5	0.41	0.22	4.8
6.2	0.31	0.23	3.3
6.7	0.37	0.25	2.5
6.6	0.21	0.5	8.7
7.5	0.26	0.31	1.6
7.5	0.34	0.28	4
6.7	0.37	0.25	2.5
6.4	0.32	0.23	16.2
6.7	0.24	0.32	9
6.4	0.32	0.23	16.2
7.1	0.39	0.79	1.4
8.2	0.31	0.43	7
6.7	0.24	0.32	9
5.9	0.17	0.29	3.1
5.9	0.2	0.23	1.5
6.6	0.32	0.26	4.6
5.9	0.12	0.27	4.8
5.9	0.18	0.29	4.6
5.9	0.2	0.23	1.5
5.4	0.17	0.27	2.7
6.1	0.21	0.3	6.3
7.3	0.25	0.26	7.2
7.3	0.25	0.26	7.2
6.2	0.22	0.3	12.4
6.5	0.27	0.19	6.6
6.5	0.27	0.19	6.6
6.6	0.39	0.22	4
6	0.31	0.38	4.8
8.4	0.23	0.32	1.3
7.3	0.25	0.26	7.2
6	0.22	0.25	11.1
6.2	0.22	0.3	12.4
6.1	0.23	0.27	9.8
6.5	0.27	0.19	6.6
7.3	0.36	0.54	13.3
7.6	0.37	0.51	11.7
6.7	0.26	0.51	8
7.4	0.22	0.27	1.6
6.1	0.22	0.28	16.55
7.1	0.28	0.31	1.5
6.5	0.35	0.31	10.2
6.8	0.73	0.2	6.6
6	0.28	0.24	17.8
6	0.28	0.24	17.8
7.1	0.2	0.37	1.5
6.8	0.33	0.31	7.4
6	0.28	0.24	17.8
7.2	0.24	0.36	2
6.8	0.33	0.31	7.4
7.2	0.24	0.36	2
6	0.28	0.24	17.8
6.2	0.27	0.26	12.1
6.4	0.38	0.26	8.2
7.1	0.2	0.37	1.5
6	0.21	0.3	8.7
7	0.34	0.1	3.5
5.9	0.435	0.16	6.4
7	0.25	0.33	2.1
6.7	0.26	0.29	7.7
7	0.24	0.3	12.3
8.5	0.23	0.34	1.3
6	0.21	0.3	8.7
7	0.34	0.1	3.5
4.8	0.65	0.12	1.1
6.1	0.22	0.38	2.8
5.8	0.27	0.26	3.5
5	0.455	0.18	1.9
6.5	0.33	0.3	3.8
6.5	0.33	0.3	3.8
6.7	0.31	0.3	2.4
6.2	0.39	0.24	4.8
6.2	0.39	0.24	4.8
7.1	0.37	0.3	6.2
7.2	0.23	0.82	1.3
6.5	0.33	0.3	3.8
7.2	0.25	0.32	1.5
6.2	0.39	0.24	4.8
4.7	0.455	0.18	1.9
7.1	0.37	0.3	6.2
6.2	0.28	0.51	7.9
6.4	0.35	0.28	1.6
6.6	0.31	0.28	1.4
7.4	0.25	0.37	2.6
7.3	0.36	0.34	14.8
6.7	0.31	0.3	2.4
8.6	0.31	0.3	0.9
8.6	0.31	0.3	0.9
8.6	0.22	0.33	1.2
6.9	0.14	0.29	9.9
6.5	0.22	0.31	3.9
6.6	0.32	0.47	15.6
6.6	0.32	0.47	15.6
6.1	0.28	0.26	1.5
6.2	0.3	0.28	1.6
6.9	0.22	0.28	7.8
8.7	0.31	0.21	5.6
7.3	0.27	0.3	1.3
7	0.46	0.2	16.7
5.7	0.23	0.25	7.95
6.5	0.36	0.36	6.7
8.2	0.18	0.38	1.1
6.2	0.27	0.32	6.3
6.9	0.4	0.37	8.9
4.9	0.345	0.34	1
7.2	0.23	0.39	1.5
6.4	0.2	0.15	6.6
6.1	0.27	0.32	6.2
6.2	0.27	0.32	6.3
6	0.3	0.33	2.1
6.1	0.3	0.32	2.2
5.7	0.14	0.3	5.4
6.9	0.4	0.37	8.9
4.9	0.345	0.34	1
6.3	0.33	0.2	17.9
7	0.16	0.3	2.6
8.4	0.22	0.3	1.3
6.3	0.33	0.2	17.9
7	0.16	0.3	2.6
5.4	0.24	0.18	2.3
7.7	0.31	0.36	4.3
5.6	0.185	0.19	7.1
5.6	0.185	0.19	7.1
6.6	0.43	0.24	11.9
7.6	0.39	0.46	11.7
7.2	0.58	0.27	5.8
6	0.34	0.32	3.8
7.5	0.35	0.48	12.4
7.3	0.38	0.23	6.5
5.4	0.185	0.19	7.1
6.3	0.27	0.51	7.6
6.5	0.29	0.52	7.9
6.4	0.17	0.3	2.8
6.7	0.18	0.31	10.6
6.4	0.17	0.3	2.8
6.8	0.37	0.67	1.5
6.3	0.27	0.51	7.6
6.5	0.29	0.52	7.9
6.1	0.24	0.26	1.7
7	0.32	0.29	7.6
6.9	0.27	0.25	7.5
6.5	0.29	0.53	1.7
6.5	0.29	0.52	1.7
6.1	0.22	0.25	12.1
6.3	0.22	0.27	4.5
6.1	0.24	0.26	1.7
5.6	0.23	0.25	8
7	0.32	0.29	7.6
6.8	0.11	0.27	8.6
6.8	0.11	0.27	8.6
7.3	0.23	0.41	14.6
6.1	0.2	0.17	1.6
6.8	0.11	0.27	8.6
7.3	0.23	0.41	14.6
6.9	0.2	0.41	1.1
6.7	0.19	0.32	3.7
6.7	0.28	0.34	8.9
6.7	0.28	0.34	8.9
8	0.37	0.31	4.7
6.7	0.28	0.34	8.9
6	0.26	0.29	3.1
6.4	0.24	0.49	5.8
6.4	0.24	0.49	5.8
6.4	0.24	0.49	5.8
6.4	0.25	0.57	1
6.1	0.25	0.48	15.8
6.8	0.14	0.35	1.5
6.5	0.38	0.26	5.2
6.8	0.14	0.35	1.5
5.4	0.15	0.32	2.5
6.4	0.25	0.57	1
6.1	0.25	0.48	15.8
6.8	0.22	0.32	5.9
7.2	0.21	0.29	3.1
6	0.26	0.29	3.1
6.4	0.24	0.49	5.8
6.5	0.46	0.24	11.5
6.5	0.18	0.48	18
6.2	0.32	0.12	4.8
7.2	0.4	0.24	8.5
5.9	0.23	0.24	1.6
6.4	0.18	0.48	18
6.2	0.32	0.12	4.8
6.4	0.37	0.12	5.9
7	0.23	0.42	1.1
7.2	0.4	0.24	8.5
7.6	0.19	0.37	13.1
6	0.28	0.27	4.1
6.2	0.32	0.45	2.9
7.6	0.19	0.37	13.1
6.4	0.26	0.26	1.1
5.9	0.25	0.27	1.5
6.1	0.28	0.3	7.75
6.9	0.19	0.38	1.15
6.4	0.29	0.57	1
6.8	0.27	0.22	17.8
7.5	0.26	0.38	5.7
6.8	0.27	0.22	17.8
6.4	0.2	0.22	7.4
7.3	0.33	0.22	1.4
7.3	0.34	0.22	1.4
6.4	0.29	0.57	1
6.1	1.1	0.16	4.4
6.3	0.24	0.29	1.6
6.2	0.24	0.22	7.9
7.4	0.16	0.27	15.5
7.4	0.16	0.27	15.5
7.4	0.16	0.27	15.5
7.4	0.16	0.27	15.5
7.2	0.17	0.28	17.55
6.9	0.19	0.35	13.5
6.9	0.19	0.35	13.5
6.8	0.16	0.36	1.3
7.4	0.16	0.27	15.5
6.8	0.3	0.27	11.6
6.2	0.24	0.22	7.9
7.4	0.16	0.27	15.5
7.2	0.17	0.28	17.55
6.8	0.3	0.27	11.6
6.5	0.43	0.18	13.15
6.6	0.17	0.36	1.9
6.9	0.19	0.35	13.5
6.8	0.16	0.36	1.3
6.4	0.41	0.01	6.1
6.4	0.41	0.01	6.1
7.4	0.36	0.32	1.9
6.1	0.17	0.21	1.9
5.5	0.28	0.21	1.6
6.6	0.5	0.26	11.3
7.1	0.44	0.27	8.4
6.9	0.38	0.28	8.3
7.1	0.44	0.27	8.4
6.2	0.24	0.28	12.2
6.1	0.28	0.27	8
7.6	0.26	0.32	1.3
7.5	0.16	0.38	12.7
6.5	0.36	0.16	1.3
6.6	0.35	0.19	10.5
5.7	0.25	0.26	12.5
7.4	0.37	0.26	9.6
5.7	0.25	0.21	1.5
5.8	0.23	0.21	1.5
5.4	0.265	0.28	7.8
5.7	0.25	0.27	10.8
5.7	0.25	0.26	12.5
5.9	0.23	0.28	8.6
6.2	0.3	0.32	1.2
6.5	0.33	0.24	14.5
7.4	0.26	0.29	3.7
7	0.2	0.4	1.1
6.5	0.21	0.42	1.1
7.3	0.25	0.27	3.8
6.8	0.27	0.24	4.6
6.7	0.24	0.3	10.2
6.4	0.14	0.28	7.9
6.4	0.5	0.2	2.4
6.6	0.41	0.27	10.7
6.4	0.25	0.28	4.9
6.6	0.41	0.27	10.7
8	0.25	0.35	1.1
6.4	0.14	0.28	7.9
6.6	0.21	0.34	5.6
6.4	0.5	0.2	2.4
6.3	0.29	0.23	14.2
6.9	0.37	0.23	9.5
6.9	0.37	0.23	9.5
5.7	0.31	0.28	4.1
6.9	0.45	0.27	4.7
6.9	0.3	0.45	1.4
5.3	0.23	0.56	0.9
6.8	0.3	0.26	20.3
6.7	0.28	0.42	3.5
5	0.255	0.22	2.7
7.6	0.4	0.27	1.2
5.5	0.21	0.25	1.2
6	0.2	0.25	2
6.1	0.17	0.29	1.1
7.5	0.21	0.29	1.5
7.3	0.26	0.32	1.2
6.2	0.35	0.2	18.1
6.2	0.35	0.2	18.1
6.5	0.43	0.31	3.6
6.5	0.4	0.31	3.5
7.4	0.28	0.5	12.1
6.3	0.23	0.22	17.45
6.2	0.34	0.25	12.1
6.6	0.44	0.32	3
6	0.13	0.36	1.6
6.3	0.17	0.23	5.7
6.3	0.18	0.22	5.6
6.7	0.31	0.34	6.8
6.6	0.33	0.32	15.6
6.3	0.34	0.31	6
6.8	0.29	0.32	1.8
7.4	0.31	0.26	8.6
7.4	0.31	0.26	8.6
5.7	0.25	0.27	11.5
6.8	0.27	0.28	7.8
5.9	0.26	0.24	2.4
5.9	0.65	0.23	5
7.4	0.31	0.26	8.6
6.6	0.23	0.32	1.5
6.8	0.18	0.35	5.4
6.8	0.28	0.29	11.9
6.8	0.28	0.29	11.9
5.9	0.27	0.27	9
6.1	0.25	0.28	10
6.8	0.28	0.29	11.9
6.8	0.26	0.29	11.9
7.1	0.13	0.29	15.5
6.8	0.18	0.35	5.4
6.2	0.2	0.25	15
5.8	0.24	0.28	1.4
7.6	0.48	0.31	9.4
7.4	0.26	0.32	3.7
6.2	0.2	0.25	15
6.1	0.3	0.47	1.4
6.2	0.32	0.5	6.5
6.1	0.3	0.47	1.4
6.3	0.34	0.52	6.3
7.4	0.16	0.3	13.7
7.4	0.16	0.3	13.7
7.4	0.16	0.3	13.7
7.4	0.16	0.3	13.7
7.4	0.16	0.3	13.7
7.4	0.16	0.3	13.7
7.2	0.26	0.38	1.5
7	0.31	0.35	1.6
6.6	0.22	0.35	1.4
5.8	0.23	0.31	3.5
6.3	0.17	0.32	1
6	0.19	0.26	1.4
6.7	0.21	0.34	1.5
7.4	0.16	0.3	13.7
6.6	0.22	0.37	1.6
6.8	0.34	0.27	5.2
7.1	0.34	0.86	1.4
6.3	0.24	0.22	11.9
6.9	0.35	0.39	2.4
6.8	0.24	0.33	3.2
6.4	0.25	0.33	1.7
5.8	0.19	0.33	4.2
6.9	0.24	0.4	15.4
6.5	0.31	0.61	13
6.6	0.25	0.32	5.6
7.5	0.38	0.56	9.7
6.2	0.3	0.3	2.5
6.4	0.33	0.28	4
6.9	0.24	0.4	15.4
7.6	0.27	0.32	1.2
5.9	0.24	0.34	2
5.3	0.33	0.3	1.2
6.4	0.21	0.21	5.1
7	0.22	0.3	1.4
7.8	0.27	0.35	1.2
6.7	0.2	0.24	6.5
8.1	0.27	0.33	1.3
6.7	0.2	0.24	6.5
7.1	0.45	0.24	2.7
5.8	0.22	0.29	1.3
6.3	0.3	0.48	7.4
7.9	0.36	0.53	12.9
8.1	0.27	0.33	1.3
8	0.24	0.33	1.2
6.7	0.41	0.27	2.6
6.7	0.24	0.31	2.3
6.2	0.3	0.32	1.3
6.9	0.26	0.38	10.5
6.7	0.41	0.27	2.6
5.9	0.32	0.2	14.4
6.1	0.25	0.3	1.2
5.6	0.23	0.29	3.1
6.6	0.23	0.32	1.7
6	0.17	0.21	6
7.1	0.38	0.42	11.8
6.6	0.31	0.37	6.2
6.5	0.38	0.53	1.4
7	0.44	0.24	12.1
7	0.44	0.24	12.1
7	0.44	0.24	12.1
6.1	0.38	0.14	3.9
8	0.33	0.32	4.6
7	0.44	0.24	12.1
6	0.19	0.29	1.2
6.3	0.28	0.34	8.1
6.1	0.38	0.14	3.9
5.3	0.43	0.11	1.1
5.4	0.22	0.35	6.5
6.2	0.345	0.27	10.1
5.6	0.255	0.57	10.7
5.2	0.2	0.27	3.2
6.2	0.29	0.23	12.4
6.3	0.26	0.25	5.2
6	0.22	0.23	5
7.5	0.35	0.37	2.5
6.6	0.39	0.28	9.2
6.3	0.23	0.33	6.9
6.3	0.22	0.3	2
6.4	0.29	0.18	15
6.4	0.29	0.18	15
7.5	0.23	0.3	1.2
6.4	0.29	0.18	15
5.7	0.28	0.36	1.8
6.5	0.26	0.24	10.8
6.4	0.27	0.29	3.9
5.9	0.22	0.29	4.2
6.8	0.26	0.26	2
7.6	0.36	0.48	13.5
7.6	0.35	0.47	13.3
5.7	0.18	0.26	2.2
6.6	0.36	0.47	1.4
5.9	0.14	0.2	1.6
5.5	0.23	0.19	2.2
6.7	0.11	0.26	14.8
7	0.24	0.24	1.8
6.7	0.11	0.26	14.8
5.3	0.47	0.1	1.3
7.5	0.29	0.24	9.9
6	0.33	0.26	5.1
6	0.33	0.26	5.1
5.8	0.32	0.23	1.5
5.8	0.3	0.23	1.5
3.8	0.31	0.02	11.1
6.2	0.36	0.22	5.25
6	0.31	0.27	2.3
6.9	0.52	0.54	7.9
7	0.55	0.05	8
5.8	0.2	0.16	1.4
6.2	0.36	0.22	5.25
6	0.31	0.27	2.3
6	0.29	0.27	2.3
5.7	0.22	0.29	3.5
7.1	0.46	0.23	13.7
6.6	0.21	0.3	9.9
6.9	0.42	0.2	15.4
5.7	0.22	0.2	16
5.7	0.22	0.2	16
5.7	0.22	0.2	16
5.7	0.22	0.2	16
5.2	0.31	0.2	2.4
7.2	0.22	0.35	5.5
5.6	0.18	0.29	2.3
6.2	0.24	0.27	16.8
5.7	0.22	0.2	16
5.7	0.26	0.24	17.8
5.7	0.26	0.24	17.8
6	0.2	0.26	6.8
6	0.2	0.26	6.8
6	0.2	0.26	6.8
6	0.2	0.26	6.8
7.6	0.28	0.17	1.6
7	0.2	0.33	4.7
6.6	0.26	0.27	11.8
5.7	0.26	0.24	17.8
7.2	0.21	0.36	15.7
6.9	0.22	0.32	5.8
7.2	0.21	0.36	15.7
7.4	0.22	0.28	9
7.2	0.21	0.36	15.7
6.9	0.22	0.32	5.8
7	0.2	0.35	8.8
5.6	0.26	0	10.2
6.3	0.28	0.3	6.6
6.4	0.29	0.3	6.5
7.2	0.34	0.23	8.9
7.1	0.39	0.39	11.1
6.9	0.26	0.29	4.2
6.1	0.24	0.25	1.6
5.9	0.25	0.24	7.4
6.1	0.24	0.27	11.5
6.5	0.22	0.27	1.6
6.2	0.26	0.29	2
6.6	0.34	0.25	4.8
5.6	0.225	0.24	9.8
7.1	0.23	0.28	1.9
6.9	0.26	0.29	4.2
6.4	0.27	0.3	1.6
6.3	0.41	0.22	7.3
6.7	0.41	0.24	5.4
7.2	0.585	0.2	10.4
6.7	0.34	0.26	1.9
6.3	0.41	0.22	7.3
6.7	0.41	0.24	5.4
6.4	0.26	0.35	7.7
6.3	0.28	0.22	11.5
7.4	0.16	0.33	1.2
8.4	0.27	0.3	2.2
5.9	0.2	0.28	1
6.4	0.24	0.26	8.2
7.4	0.38	0.34	8.3
6.4	0.24	0.26	8.2
6.4	0.42	0.19	9.3
6.4	0.23	0.26	8.1
6.4	0.24	0.26	8.2
7.4	0.38	0.34	8.3
7.3	0.19	0.27	13.9
7.3	0.19	0.27	13.9
7.3	0.19	0.27	13.9
7.3	0.19	0.27	13.9
7.3	0.19	0.27	13.9
7.3	0.19	0.27	13.9
7.3	0.19	0.27	13.9
6.8	0.24	0.29	2
7.3	0.19	0.27	13.9
7.4	0.27	0.52	15.7
5.7	0.28	0.35	1.2
5.8	0.22	0.25	1.5
6.7	0.27	0.69	1.2
7.1	0.2	0.35	3.2
6.7	0.27	0.69	1.2
7.1	0.23	0.3	2.6
7.6	0.31	0.52	13.2
7.2	0.34	0.28	10.4
7	0.36	0.25	5.7
6.4	0.31	0.28	2.5
7.3	0.28	0.35	1.6
7.4	0.16	0.3	1.4
6.4	0.31	0.27	7.4
6.4	0.31	0.28	2.5
6.2	0.29	0.29	5.6
5.9	0.28	0.34	3.6
6.5	0.23	0.2	7.5
7.2	0.34	0.2	5.8
7.3	0.28	0.35	1.6
6.5	0.2	0.33	1.5
6.2	0.24	0.27	2.9
7.1	0.31	0.25	11.2
6.4	0.29	0.21	9.65
6.3	0.19	0.33	10.1
5.9	0.29	0.28	3.2
7.1	0.31	0.25	11.2
6.5	0.3	0.28	11.45
6.4	0.29	0.21	9.65
6.5	0.22	0.19	4.5
7	0.23	0.28	2.7
7.1	0.23	0.23	3.5
6.1	0.26	0.28	1.7
6.4	0.35	0.21	2.1
6	0.32	0.32	4.8
6.1	0.34	0.21	5
6.5	0.13	0.27	2.6
6.5	0.315	0.2	6.6
6.1	0.34	0.21	5
5.7	0.31	0.29	7.3
6.4	0.3	0.27	5
7	0.24	0.26	1.7
6.5	0.13	0.27	2.6
6.4	0.26	0.21	8.2
6.4	0.26	0.21	8.2
6	0.27	0.31	5
7.1	0.21	0.33	1.2
6.7	0.26	0.29	7.1
6.3	0.28	0.22	9.5
6.2	0.25	0.44	15.8
7.3	0.22	0.37	15.5
6.2	0.25	0.44	15.8
6.4	0.18	0.28	17.05
6.3	0.2	0.26	12.7
6.6	0.24	0.22	12.3
7.4	0.27	0.26	11.8
7.4	0.27	0.26	11.8
7.4	0.27	0.26	11.8
6.6	0.24	0.22	12.3
7.4	0.27	0.26	11.8
7.1	0.38	0.29	13.6
6.8	0.43	0.26	5.2
5.2	0.22	0.46	6.2
5.9	0.29	0.16	7.9
5.9	0.29	0.16	7.9
6.3	0.29	0.29	3.3
6.3	0.19	0.32	2.8
5.7	0.29	0.16	7.9
6.3	0.29	0.29	3.3
5.7	0.24	0.47	6.3
5.8	0.3	0.38	4.9
7.1	0.27	0.27	10.4
5.8	0.3	0.38	4.9
7.1	0.27	0.27	10.4
6.3	0.305	0.22	16
5.7	0.24	0.47	6.3
6.2	0.22	0.28	2.2
6.6	0.22	0.23	17.3
6.6	0.22	0.23	17.3
6.6	0.22	0.23	17.3
6.6	0.22	0.23	17.3
6.2	0.22	0.28	2.2
6.2	0.22	0.28	2.2
6.6	0.22	0.23	17.3
6.1	0.22	0.5	6.6
6.2	0.21	0.52	6.5
6.3	0.32	0.26	12.3
6.9	0.44	0.27	5
6.1	0.31	0.34	2.8
8.1	0.36	0.59	13.6
6.6	0.38	0.28	2.8
6.7	0.24	0.26	5.4
6.9	0.56	0.26	10.9
7.2	0.24	0.24	1.7
6.5	0.29	0.3	9.15
6.7	0.28	0.28	4.5
6.5	0.29	0.3	9.15
6.1	0.21	0.19	1.4
7.2	0.47	0.16	5.9
6.7	0.34	0.31	16.4
6.6	0.27	0.25	1.2
6.7	0.34	0.31	16.4
7.2	0.47	0.16	5.9
5	0.35	0.25	7.8
5	0.35	0.25	7.8
4.4	0.46	0.1	2.8
6.6	0.38	0.29	2.9
7.3	0.3	0.25	2.5
6.4	0.28	0.22	12.8
6.9	0.29	0.25	12.2
6.3	0.3	0.19	7.7
6.3	0.39	0.22	2.8
6.6	0.38	0.29	2.9
6.6	0.18	0.26	17.3
6	0.28	0.29	19.3
6	0.28	0.29	19.3
6	0.28	0.29	19.3
6.6	0.35	0.26	2.7
5.9	0.22	0.18	6.4
6.6	0.18	0.26	17.3
7.7	0.28	0.24	2.4
7.1	0.42	0.2	2.8
6.7	0.32	0.32	1.7
6.6	0.26	0.56	15.4
6.6	0.26	0.56	15.4
6.2	0.32	0.24	4.1
6.3	0.25	0.27	6.6
6.2	0.21	0.24	1.2
6.4	0.23	0.27	2.1
4.7	0.145	0.29	1
6.2	0.2	0.28	1.1
7	0.28	0.28	1.4
7.1	0.36	0.2	1.6
5.7	0.25	0.22	9.8
5.7	0.22	0.33	1.9
6	0.2	0.38	1.3
6.4	0.32	0.26	7.9
6.4	0.32	0.26	7.9
6	0.555	0.26	4.5
5.9	0.22	0.45	22.6
6.4	0.32	0.26	7.9
6.2	0.3	0.33	3.5
5.8	0.28	0.18	1.2
5.8	0.555	0.26	4.5
6.7	0.31	0.33	2
6.4	0.15	0.25	7.8
6.4	0.13	0.28	0.9
6.7	0.48	0.49	2.9
6.7	0.48	0.49	2.9
5.8	0.3	0.33	3.5
6.1	0.28	0.23	4.2
6	0.19	0.37	9.7
6.8	0.31	0.25	10.5
7.5	0.24	0.29	1.1
6.8	0.23	0.39	16.1
7.5	0.24	0.29	1.1
6.3	0.29	0.3	8.1
6.8	0.2	0.25	6.2
5.2	0.38	0.26	7.7
7.8	0.27	0.33	2.4
6.6	0.54	0.21	16.3
7.1	0.25	0.31	2.3
5.8	0.61	0.01	8.4
6.5	0.32	0.23	8.5
6.4	0.28	0.23	6
6.6	0.19	0.28	1.1
5.1	0.305	0.13	1.75
5.8	0.26	0.3	2.6
6.7	0.23	0.17	1.3
6.8	0.33	0.3	2.1
6.1	0.27	0.32	1.1
6.1	0.27	0.32	1.1
6.8	0.4	0.29	2.8
6.1	0.4	0.18	9
7.1	0.28	0.26	2.8
6.2	0.32	0.32	2.2
6.8	0.17	0.17	5.1
9	0.2	0.33	3.5
5.8	0.13	0.22	12.7
5.8	0.31	0.31	7.5
6.3	0.36	0.2	2
9	0.2	0.33	3.5
6.7	0.18	0.25	14.3
6.6	0.16	0.25	9.8
5.8	0.13	0.22	12.7
5.8	0.27	0.22	12.7
6.8	0.17	0.17	5.1
6.4	0.37	0.19	3.5
7.3	0.26	0.53	12.7
7.3	0.28	0.54	12.9
7.3	0.28	0.54	12.9
5.8	0.12	0.21	1.3
6.1	0.25	0.18	10.5
6.4	0.24	0.27	1.5
7.3	0.26	0.53	12.7
7.3	0.28	0.54	12.9
8.3	0.18	0.37	1.2
7.1	0.09	0.3	6.2
8.3	0.14	0.36	8.8
5.8	0.28	0.3	3.9
6	0.23	0.34	1.3
6.9	0.28	0.37	9.1
6.9	0.28	0.37	9.1
5.8	0.28	0.3	3.9
6.3	0.25	0.53	1.8
6.5	0.2	0.31	2.1
5.9	0.29	0.32	1.4
6.4	0.46	0.22	14.7
6.9	0.28	0.37	9.1
6.8	0.23	0.33	1.9
7	0.23	0.32	1.8
6.4	0.55	0.26	9.6
5.7	0.28	0.3	3.9
6	0.23	0.34	1.3
6.8	0.45	0.3	11.8
6.1	0.2	0.4	1.9
6.1	0.37	0.46	12
5.9	0.21	0.23	7.9
6.9	0.22	0.32	9.3
5.4	0.27	0.22	4.6
6	0.26	0.26	2.2
5.6	0.18	0.3	10.2
5.6	0.26	0.27	10.6
7	0.23	0.35	1.4
5.8	0.28	0.66	9.1
8.6	0.36	0.26	11.1
5.8	0.28	0.66	9.1
6.4	0.3	0.27	4.4
6.2	0.2	0.32	2.8
5.8	0.29	0.15	1.1
5.7	0.22	0.28	1.3
5.6	0.22	0.32	1.2
6.8	0.32	0.23	3.3
6.2	0.2	0.26	9.7
6.1	0.35	0.24	2.3
5.9	0.3	0.29	1.1
6.3	0.15	0.34	11.4
4.8	0.13	0.32	1.2
6	0.2	0.26	14.7
5.7	0.2	0.24	13.8
6	0.27	0.26	1.3
6.3	0.37	0.51	6.3
6.4	0.23	0.37	7.9
5.9	0.34	0.25	2
5	0.33	0.23	11.8
5.4	0.29	0.38	1.2
8	0.33	0.35	10
6.4	0.3	0.33	5.2
5.4	0.29	0.38	1.2
6.4	0.33	0.3	7.2
7	0.33	0.78	9.9
6.7	0.45	0.3	5.3
6.5	0.36	0.31	13.55
5.8	0.42	0.3	2.2
7.1	0.39	0.3	9.9
6.7	0.53	0.29	4.3
6.7	0.66	0	13
6.5	0.36	0.31	13.55
6.5	0.16	0.33	1
8.3	0.22	0.34	1.1
6.9	0.23	0.35	6.9
6.4	0.17	0.34	13.4
5	0.33	0.18	4.6
6.8	0.38	0.29	9.9
6.5	0.29	0.32	3
6.9	0.29	0.32	5.8
6.6	0.28	0.3	12.9
6.2	0.36	0.27	3.2
6	0.615	0.04	0.8
5.9	0.44	0.36	2.5
5.9	0.42	0.36	2.4
5.8	0.34	0.21	7.2
5.8	0.27	0.2	7.3
7.1	0.33	0.18	6.3
6.1	0.44	0.28	4.25
7.3	0.28	0.37	1.2
5.2	0.5	0.18	2
6.1	0.44	0.28	4.25
6.4	0.62	0.12	4.7
6.4	0.38	0.19	4.5
7.5	0.305	0.38	1.4
6.5	0.5	0.22	4.1
6.6	0.4	0.3	5.3
6.4	0.4	0.25	4.2
8.3	0.49	0.23	6.65
6.3	0.3	0.91	8.2
6.1	0.19	0.37	2.6
6.1	0.19	0.37	2.6
5.6	0.24	0.34	2
5.7	0.25	0.32	12.2
6.6	0.21	0.39	2.3
6.3	0.3	0.91	8.2
6.2	0.28	0.41	5
5.8	0.29	0.38	10.7
5.8	0.345	0.15	10.8
6.5	0.51	0.25	1.7
6	0.24	0.41	1.3
6.5	0.51	0.25	1.7
6.9	0.54	0.26	12.7
6	0.24	0.41	1.3
6.6	0.26	0.36	1.2
5.7	0.24	0.3	1.3
6.5	0.21	0.35	5.7
6.8	0.29	0.22	3.4
5	0.24	0.34	1.1
5.9	0.18	0.28	1
5.8	0.26	0.29	1
6.7	0.61	0.21	1.65
5.7	0.695	0.06	6.8
5.6	0.695	0.06	6.8
5.7	0.39	0.25	4.9
6.1	0.38	0.47	1.4
6.3	0.36	0.28	2.5
6	0.29	0.41	10.8
6	0.29	0.41	10.8
6	0.29	0.41	10.8
6	0.29	0.41	10.8
7.1	0.43	0.25	2.8
6.6	0.25	0.25	1.3
6.6	0.33	0.41	2
8	0.23	0.41	1.1
7.3	0.17	0.36	8.2
6	0.17	0.33	6
6.1	0.16	0.34	6.1
7.3	0.17	0.36	8.2
6.4	0.31	0.53	8.8
6.1	0.16	0.34	6.1
6	0.17	0.33	6
5.9	0.44	0.33	1.2
6.6	0.285	0.49	11.4
4.9	0.335	0.14	1.3
4.9	0.335	0.14	1.3
6	0.28	0.52	6.2
5.8	0.35	0.29	3.2
5.7	0.21	0.37	4.5
6.5	0.25	0.32	9.9
6	0.28	0.52	6.2
6.6	0.285	0.49	11.4
4.7	0.335	0.14	1.3
6.8	0.63	0.04	1.3
5.6	0.27	0.37	0.9
6.8	0.32	0.33	0.7
6.5	0.33	0.32	1
6	0.24	0.34	1
7.2	0.26	0.32	10.4
6.8	0.63	0.04	1.3
6.7	0.16	0.32	12.5
6.7	0.16	0.32	12.5
6.7	0.16	0.32	12.5
6.7	0.16	0.32	12.5
6.9	0.19	0.31	19.25
6	0.36	0.32	1.1
6.7	0.16	0.32	12.5
6.9	0.19	0.31	19.25
6.7	0.35	0.32	9
6.1	0.15	0.4	1.2
6.7	0.35	0.32	9
7	0.27	0.74	1.3
6.8	0.3	0.33	12.8
6.8	0.3	0.33	12.8
6.4	0.69	0.09	7.6
6.4	0.69	0.09	7.6
5.9	0.12	0.28	1.4
6.3	0.36	0.5	8.3
5.7	0.27	0.16	9
6.1	0.22	0.4	1.85
5.6	0.205	0.16	12.55
7.2	0.33	0.28	1.4
5.9	0.21	0.31	1.8
5.4	0.33	0.31	4
5.4	0.205	0.16	12.55
5.7	0.27	0.16	9
6.4	0.28	0.28	3
6.1	0.22	0.4	1.85
6.7	0.15	0.32	7.9
5.5	0.315	0.38	2.6
4.8	0.225	0.38	1.2
5.2	0.24	0.15	7.1
6.7	0.15	0.32	7.9
6.6	0.27	0.32	1.3
6.1	0.32	0.33	10.7
6	0.25	0.28	7.7
6.4	0.42	0.46	8.4
6.1	0.32	0.33	10.7
6.9	0.31	0.33	12.7
6.3	0.48	0.48	1.8
6	0.25	0.28	7.7
7.2	0.21	0.31	10.5
6.8	0.32	0.43	1.6
7.9	0.3	0.6	1.85
5.3	0.31	0.38	10.5
5.3	0.31	0.38	10.5
5.2	0.185	0.22	1
5.5	0.16	0.31	1.2
6	0.17	0.36	1.7
6	0.16	0.36	1.6
6.1	0.24	0.32	9
5.5	0.3	0.25	1.9
5.5	0.16	0.31	1.2
6	0.32	0.46	1.5
6.1	0.27	0.31	3.9
6	0.27	0.32	3.6
6	0.14	0.37	1.2
5	0.24	0.19	5
6.1	0.26	0.25	2.9
6.3	0.23	0.5	10.4
5.6	0.26	0.5	11.4
6.1	0.34	0.24	18.35
6.2	0.35	0.25	18.4
6	0.14	0.37	1.2
7.3	0.36	0.62	7.1
5.1	0.25	0.36	1.3
5.5	0.16	0.26	1.5
6.4	0.19	0.35	10.2
6.6	0.29	0.73	2.2
6	0.38	0.26	3.5
6	0.38	0.26	3.5
6.5	0.2	0.35	3.9
6.6	0.17	0.26	7.4
6.6	0.17	0.26	7.4
6.2	0.15	0.27	11
5.9	0.48	0.3	1.5
5.3	0.4	0.25	3.9
5.9	0.26	0.29	5.4
5.2	0.3	0.34	1.5
6.4	0.32	0.25	5
6.6	0.19	0.25	1.2
6.8	0.27	0.3	13
6.8	0.27	0.3	13
6.8	0.27	0.3	13
6.8	0.27	0.3	13
6.4	0.28	0.45	8.6
5.2	0.21	0.31	1.7
7.1	0.24	0.34	1.2
5	0.27	0.4	1.2
5.8	0.27	0.4	1.2
5.9	0.27	0.32	2
5.8	0.315	0.19	19.4
6	0.59	0	0.8
5.8	0.3	0.09	6.3
5.6	0.3	0.1	6.4
6.7	0.3	0.5	12.1
6.7	0.3	0.5	12.1
6.4	0.31	0.31	12.9
6.9	0.25	0.29	2.4
4.4	0.32	0.39	4.3
3.9	0.225	0.4	4.2
6.4	0.31	0.31	12.9
5.5	0.62	0.33	1.7
6.2	0.3	0.42	2.2
6.7	0.3	0.5	12.1
4.7	0.785	0	3.4
6	0.31	0.32	7.4
6	0.32	0.3	7.3
6.4	0.105	0.29	1.1
6.4	0.105	0.29	1.1
5.7	0.33	0.32	1.4
5.9	0.32	0.19	14.5
6.2	0.26	0.2	8
6	0.2	0.33	1.1
6.4	0.105	0.29	1.1
5.8	0.28	0.34	2.2
6.4	0.31	0.5	5.8
6	0.35	0.46	0.9
5.1	0.26	0.34	6.4
6.6	0.28	0.09	10.9
6	0.17	0.3	7.3
7.3	0.35	0.67	8.3
6	0.26	0.24	1.3
5.4	0.375	0.4	3.3
7	0.17	0.42	1
5.1	0.26	0.33	1.1
5.8	0.36	0.5	1
5.7	0.4	0.35	5.1
6.2	0.76	0.01	3.2
6.1	0.41	0.2	12.6
5.8	0.385	0.25	3.7
6	0.27	0.4	1.7
5.7	0.4	0.35	5.1
5.8	0.36	0.5	1
7	0.24	0.47	1.3
6.8	0.23	0.48	1.5
6.5	0.28	0.34	4.6
6.4	0.23	0.35	10.3
6	0.34	0.29	6.1
6	0.34	0.29	6.1
6.7	0.22	0.33	1.2
6.4	0.23	0.35	10.3
6	0.32	0.33	9.9
5.8	0.29	0.27	1.6
5.8	0.38	0.26	1.1
5.9	0.32	0.26	1.5
5.6	0.33	0.28	1.2
5.9	0.37	0.3	1.5
5.6	0.295	0.26	1.1
6.7	0.5	0.36	11.5
6.5	0.28	0.38	7.8
5.3	0.275	0.24	7.4
5.2	0.405	0.15	1.45
6.8	0.34	0.36	8.9
5.7	0.22	0.25	1.1
6.2	0.28	0.57	1
5.6	0.34	0.25	2.5
4.8	0.29	0.23	1.1
6.6	0.38	0.29	2.4
5.1	0.3	0.3	2.3
4.4	0.54	0.09	5.1
7	0.36	0.35	2.5
6.4	0.33	0.44	8.9
7	0.36	0.35	2.5
6.4	0.33	0.44	8.9
6.2	0.23	0.38	1.6
5.2	0.25	0.23	1.4
6.2	0.35	0.29	3.9
7.1	0.23	0.39	13.7
7.1	0.23	0.39	13.7
7.5	0.38	0.33	9.2
6.4	0.35	0.51	7.8
6	0.43	0.34	7.6
6	0.52	0.33	7.7
5.5	0.31	0.29	3
5.9	0.22	0.3	1.3
6.2	0.36	0.32	4
6	0.41	0.23	1.1
6.2	0.355	0.35	2
5.7	0.41	0.21	1.9
5.3	0.6	0.34	1.4
5.8	0.23	0.31	4.5
6.6	0.24	0.33	10.1
6.1	0.32	0.28	6.6
5	0.2	0.4	1.9
6	0.42	0.41	12.4
5.7	0.21	0.32	1.6
5.6	0.2	0.36	2.5
7.4	0.22	0.26	1.2
6.2	0.38	0.42	2.5
5.9	0.54	0	0.8
6.2	0.53	0.02	0.9
6.6	0.34	0.4	8.1
6.6	0.34	0.4	8.1
5	0.235	0.27	11.75
5.5	0.32	0.13	1.3
4.9	0.47	0.17	1.9
6.5	0.33	0.38	8.3
6.6	0.34	0.4	8.1
6.2	0.21	0.28	5.7
6.2	0.41	0.22	1.9
6.8	0.22	0.36	1.2
4.9	0.235	0.27	11.75
6.1	0.34	0.29	2.2
5.7	0.21	0.32	0.9
6.5	0.23	0.38	1.3
6.2	0.21	0.29	1.6
6.6	0.32	0.36	8
6.5	0.24	0.19	1.2
5.5	0.29	0.3	1.1
6	0.21	0.38	0.8
